Id,SalePrice
530,200624
492,133000
460,110000
280,192000
656,88000
1014,85000
1404,282922
602,141000
1183,745000
688,148800
1318,208900
1004,136905
1301,225000
1393,123000
1015,119200
255,145000
1323,190000
90,123600
32,149350
483,155000
143,166000
812,144500
53,110000
858,174000
1160,185000
992,168000
1359,177500
650,84500
725,320000
576,118500
729,110000
847,213000
361,156000
5,250000
679,372500
559,175000
35,277500
1026,112500
550,263000
1106,325000
176,243000
55,130000
402,164990
1110,280000
232,403000
331,119000
549,125000
234,128200
892,172500
1050,84900
162,412500
487,156000
1336,167900
394,100000
427,275000
1341,123000
741,132000
738,239900
980,139000
108,115000
616,137500
1071,135000
216,134450
1291,180500
668,193500
1321,156500
527,132000
573,224500
1275,139000
823,225000
316,188500
10,118000
1001,82000
689,392000
1123,112000
867,248900
1215,134500
590,79500
160,320000
254,158000
1130,140000
880,136500
536,107500
1048,145000
1174,200500
959,185000
1405,105000
512,202665
212,186000
123,136000
872,200500
365,190000
1085,187500
1339,200000
444,172500
15,157000
705,213000
564,185000
723,124500
443,162900
142,260000
363,198500
183,120000
1074,159500
354,105900
86,260000
6,143000
897,106500
966,178900
1097,127000
439,90350
610,118500
153,190000
313,119900
1266,183900
963,155000
225,386250
1082,133000
81,193500
318,270000
149,141000
579,146000
680,128500
928,176000
97,214000
413,222000
279,415298
382,187750
978,199900
1056,180000
421,206300
1075,194000
898,142953
1430,182900
1201,116050
543,213250
824,139500
743,179000
789,107900
782,175900
300,158500
1453,145000
114,217000
1283,150500
1164,108959
311,165600
931,201000
657,145500
46,319900
1349,215000
56,180500
1229,367294
964,239000
922,145900
459,161000
1387,250000
480,89471
1245,230000
614,147000
1125,163900
224,97000
1234,142000
990,197000
714,129000
1003,232000
109,115000
744,175000
518,265000
334,207000
1109,181000
261,176000
796,171000
1043,196000
696,176000
423,113000
575,139000
1103,135000
622,240000
203,112000
514,134000
569,316600
1356,170000
437,116000
28,306000
309,82500
299,175000
228,106000
1022,194000
598,194201
1079,155900
1308,138000
1274,177000
568,214000
377,148000
185,127000
296,142500
1040,80000
1226,145000
1352,171000
433,122500
20,139000
713,189000
269,120500
465,124000
1031,160000
1351,200000
1084,160000
611,313000
1319,275000
621,67000
19,159000
475,251000
1091,92900
827,109500
54,385000
667,129000
633,82500
323,301000
48,249700
435,81000
320,187500
663,110000
987,117000
1340,128500
1020,213490
555,284000
666,230500
447,190000
900,135000
859,152000
343,87500
462,155000
141,115000
839,144000
1058,248000
1286,132500
1451,136000
1115,117000
40,82000
348,157500
205,110000
1261,181000
949,192500
3,223500
2,181500
1098,170000
1018,187500
591,185900
967,160000
193,192000
581,181900
271,266000
1258,99900
59,438780
1218,229456
769,216837
242,110500
1416,175900
770,538000
1299,160000
57,172500
652,108000
580,131500
521,106250
826,385000
645,370878
643,345000
30,68500
908,250000
1167,245350
1193,125000
520,234000
362,145000
125,181000
199,104000
788,233000
1212,164000
1076,219500
1238,195000
558,108000
304,149900
1360,315000
1302,177500
1428,140000
1403,193879
1224,137900
1030,118000
327,324000
441,555000
1388,136000
1324,82500
62,101000
