Id,SalePrice
619,314813
871,109500
93,163500
818,271000
303,205000
1455,185000
41,160000
960,155000
76,91000
1390,131000
1255,165400
690,194700
649,155000
248,140000
1309,147000
1165,194000
709,179540
187,173000
157,109500
915,173733
9,129900
391,119000
1334,125500
1442,149300
620,305000
772,102000
466,178740
1249,129500
432,79900
1289,278000
1121,118400
1032,197000
704,140000
642,226000
1332,132500
541,315000
1162,224000
864,132500
1102,119500
507,215000
547,210000
1052,200141
998,185000
1358,149900
868,129000
1117,184100
426,135000
906,128000
482,374000
484,164000
1383,157000
1129,215000
673,165000
1270,144000
1386,125500
647,98300
495,91300
570,135960
502,226700
1314,333168
774,114500
260,97000
1265,181000
1244,465000
760,290000
800,175000
252,235000
250,277000
584,325000
1246,178000
1391,235000
1376,239000
639,85000
1293,107500
1019,160000
1214,145000
1431,192140
811,181000
478,380000
875,66500
506,124500
1419,124000
635,144000
1338,52500
753,217000
1406,275000
195,127000
241,262500
1277,162000
730,103000
1398,137500
1256,127500
50,127000
999,91000
412,145000
1247,186500
777,221500
582,253293
694,108480
78,127000
1382,237500
529,86000
45,141000
1196,176000
981,178400
994,173900
301,157000
1402,193000
1059,335000
277,201000
468,146500
490,86000
270,148000
409,280000
1449,112000
876,303477
1375,250000
284,244600
985,126000
840,130500
400,241000
884,118500
407,115000
513,129900
339,202500
364,118000
693,335000
1335,125000
984,255900
321,342643
428,109008
196,148500
1232,132500
901,110000
71,244000
1126,115000
795,194500
11,129500
1027,167500
687,227875
1248,169900
272,241500
446,127500
655,350000
1281,227000
899,611657
65,219500
683,173000
961,116500
1385,105000
1101,60000
417,149500
1035,119750
854,158000
473,148000
1012,100000
329,214500
609,359100
1284,139000
453,204000
1228,147000
531,175000
1400,137450
923,169990
913,88000
419,126000
907,255000
752,162000
829,185000
1297,155000
902,153000
1039,97000
717,159500
1070,135000
1227,214000
501,113000
472,190000
1448,240000
488,175000
1337,135000
1178,115000
132,244000
16,132000
1087,83500
912,143500
436,212000
1370,232000
477,208900
1151,124000
467,167000
1128,259000
1425,144000
588,137000
1158,230000
939,239799
1225,184000
722,143000
403,108000
1458,266500
188,135000
192,184000
104,198900
790,187500
61,158000
1065,154000
537,188000
1111,188000
554,108000
888,135500
1269,381000
1379,83000
166,127500
935,242000
759,179400
474,440000
83,245000
1149,116900
658,149000
1046,139600
350,437154
1292,119500
1271,260000
372,134432
118,155000
832,151000
253,173000
1427,271000
312,132000
1134,239500
396,129000
359,130000
264,130000
360,280000
986,125000
1141,139000
1350,122000
727,222000
1394,163000
17,149000
996,121600
1140,144000
762,100000
352,190000
540,272000
1331,227000
970,140000
997,136500
98,94750
1073,91500
1272,185750
197,311872
184,200000
1282,180000
1418,340000
1197,219210
1407,133000
534,39300
675,140000
82,153500
1221,115000
398,169500
268,179500
387,81000
1267,122000
133,150750
266,175500
944,143000
1204,213000
89,85000
1413,90000
566,128000
1131,135000
295,167000
262,276000
1264,180500
630,168500
1432,143750
1415,207000
406,150000
357,173000
240,113000
885,100000
1429,119000
1454,84500
896,140000
989,195000
1443,310000
1002,86000
454,210000
111,136900
1190,189000
1241,224900
1170,625000
1147,180000
504,289000
1450,92000
1064,110500
712,102776
802,109900
865,250580
368,165000
1445,179600
385,240000
201,140000
66,317000
958,132000
784,165500
273,290000
1268,378500
758,158900
1088,252000
745,180000
542,248000
479,297000
809,159950
1127,174000
1311,335000
1181,250000
189,153337
1260,151000
982,336000
905,125500
317,260000
215,161750
879,148000
1399,138000
1401,120000
532,128000
256,230000
31,40000
1116,318000
231,148000
845,153900
894,165000
914,145000
794,225000
1378,117000
265,73000
102,178000
14,279500
1136,102000
791,160200
785,128000
945,137500
842,157500
567,325000
936,79900
1373,274300
524,184750
1353,134900
496,34900
1159,235128
943,150000
671,173500
934,190000
1203,117000
1094,146000
367,159000
1042,173000
229,125000
418,239000
207,143900
80,110000
191,315000
493,172785
726,120500
146,130000
1016,227000
319,260000
821,183000
1187,95000
458,256000
145,125000
1211,189000
993,187000
825,232600
761,127500
1460,147500
593,138000
1155,201800
919,238000
84,126500
155,125000
1000,206000
1396,281213
749,260400
128,87000
1310,179200
881,157000
404,258000
151,122000
1062,81000
414,115000
956,145000
1325,147000
988,395192
718,157000
841,140000
806,227680
848,133500
353,95000
96,185000
626,160000
572,120000
38,153000
486,147000
144,204000
763,215200
159,254900
553,255500
819,155000
793,269790
983,159895
1047,556581
747,236000
237,185500
921,201000
223,179900
1280,68400
1171,171000
941,150900
662,402000
589,143000
882,187500
1259,190000
63,202500
1278,197900
194,130000
236,89500
182,200100
1175,239000
893,154500
924,193000
522,150000
670,137500
830,147400
925,207500
1028,293077
734,131400
383,213500
1233,101800
1355,235000
332,139000
799,485000
263,151000
7,307000
267,185000
39,109000
1417,122500
546,229000
119,320000
653,191000
786,161500
1024,191000
106,250000
1092,160000
485,132500
1409,125500
843,174900
684,285000
21,325300
243,79000
51,177000
163,220000
442,118000
732,187500
765,270000
878,350000
1179,154900
302,267000
1053,165000
173,239000
708,254000
659,97500
1096,176432
285,179200
1037,315500
1263,161500
1446,129000
1457,210000
1192,174000
1198,144000
669,168000
1347,262500
211,98000
345,85000
307,225000
218,107000
1433,64500
290,153575
379,394432
168,325624
422,215000
226,112000
617,183200
13,144000
523,159000
1093,136500
69,80000
91,109900
1189,195000
381,127000
951,129000
373,125000
259,231500
1237,175500
1240,265900
305,295000
1306,325000
411,60000
1412,140000
971,135000
43,144000
209,277000
533,107500
975,167500
491,115000
597,114504
75,107400
516,402861
286,164700
1188,262000
72,129500
562,170000
180,100000
916,75000
1369,144000
494,155000
117,139000
294,235000
77,135750
49,113000
862,131500
776,162000
773,107000
1206,271900
1006,149900
333,284000
577,145000
623,135000
565,268000
1013,165000
1424,274970
410,339750
637,60000
1452,287090
1438,394617
1230,127000
289,122000
995,337500
631,124000
525,315750
158,269500
338,214000
1381,58500
497,430000
47,239686
748,265979
136,174000
754,275500
463,62383
954,172000
863,152000
440,110000
178,172500
571,142600
1279,237000
425,139000
326,87000
644,152000
665,423000
351,318061
448,199900
917,35311
18,90000
1333,100000
1100,157000
1434,186500
1033,310000
947,143000
1361,189000
346,140200
476,132500
314,375000
755,156000
1124,118000
452,280000
171,128500
700,196000
1459,142125
134,220000
814,157900
1235,130000
1166,233170
831,166000
79,136500
1288,190000
347,151500
397,123000
1194,165000
390,426000
386,192000
1348,283463
120,163990
1104,159500
1114,134500
230,192500
1236,138887
22,139400
1380,167500
767,196500
393,106500
251,76500
244,120000
1080,126000
36,309000
594,140000
672,103600
508,208300
1441,191000
1090,197000
962,272000
1182,392500
110,190000
938,253000
380,179000
870,236000
615,75500
605,221000
969,37900
1312,203000
628,153000
797,143500
903,180000
661,197900
583,118500
937,184900
724,135000
172,215000
678,109500
239,318000
701,312500
1063,90000
1223,143000
857,147000
710,109900
1435,160000
322,354000
121,180000
1296,138500
156,79000
1239,142500
625,165150
139,230000
126,84500
457,98000
67,180000
849,240000
746,299800
1057,185850
781,176000
1287,143000
627,139900
606,205000
1444,121000
1210,290000
179,501837
1377,91000
416,181134
101,205000
1231,190000
220,167240
742,142000
335,192000
1191,168000
115,259500
835,139950
682,159434
834,167000
221,204900
392,215000
1345,155835
940,244400
310,360000
1307,202500
1367,193000
528,446261
1011,135000
246,241500
686,207500
519,211000
1051,176485
1045,278000
1371,105000
972,173000
395,109000
641,274000
105,169500
816,224900
1060,220000
1150,143000
721,275000
815,116000
52,114500
603,220000
355,140000
1372,165500
461,263435
23,230000
375,219500
539,158000
1161,146000
219,311500
586,369900
1025,287000
1366,216000
1132,93500
1055,255000
415,228000
206,180500
1184,120000
498,184000
517,158000
703,361919
1138,94000
677,87000
376,61000
976,165000
186,475000
1133,117500
405,168000
707,302000
420,142000
1186,104900
174,163000
691,141000
828,189000
429,195400
1077,170000
1257,301500
719,341000
283,207500
1089,137500
1220,91500
636,200000
739,179000
500,120000
692,755000
1,208500
927,285000
1148,174500
1152,149900
328,145250
103,118964
214,156000
853,164000
247,137000
1440,197000
1176,285000
1316,206900
1099,128000
1365,144152
366,147000
249,180000
737,93500
27,134800
837,153500
1320,111000
681,143000
1122,212900
4,140000
135,180000
838,100000
356,177500
293,131000
699,138500
1049,115000
1243,170000
370,162000
1200,148000
227,290000
340,155000
1303,290000
604,151000
455,188000
64,140000
991,348000
238,194500
651,205950
113,383970
1437,120500
1213,113000
578,164500
127,128000
1009,240000
1157,179900
852,215000
695,141500
138,171000
1010,102000
1180,93000
8,200000
503,140000
855,170000
948,270000
632,209500
930,222000
1326,55000
408,177000
1423,136500
358,134000
154,235000
344,266000
306,305900
1304,232000
613,261500
1146,149000
281,228500
1250,119000
1414,257000
1081,145000
401,245500
469,250000
505,147000
535,178000
1017,203000
904,240000
1254,294000
551,140000
1298,140000
1185,186700
946,124900
164,103200
337,377426
60,124900
1119,140000
1362,260000
1408,112000
450,120000
856,127000
1143,424870
1137,119000
1300,154000
438,119000
787,139000
874,133000
1344,177000
820,224000
1007,163500
587,130000
942,214000
349,154000
1195,158000
1029,105000
464,188700
1364,156932
654,135000
574,170000
648,155000
596,319000
891,122900
471,212000
801,200000
282,185000
933,320000
733,222500
716,165000
833,237000
952,119900
1145,80000
1038,287000
1169,235000
456,175500
585,133000
148,222500
161,162500
1112,205000
751,96500
1118,130000
860,250000
953,133900
1219,80500
629,135000
607,152000
165,152000
107,100000
1041,155000
618,105500
1216,125000
330,78000
481,326000
499,130000
1357,110000
94,133900
810,106000
434,181000
1108,274725
44,130250
861,189950
1276,137000
968,135000
711,52000
1426,142000
1392,124000
766,264132
886,328900
557,141000
1389,377500
70,225000
515,96500
510,124500
341,202900
222,200000
147,105000
1054,144500
1139,196000
804,582933
509,161000
1363,104900
177,211000
805,118000
169,183500
1262,128900
1342,155000
130,150000
190,286000
137,143000
1328,130500
895,118858
198,235000
291,233230
37,145000
768,160000
233,94500
646,143250
34,165500
1113,129900
1411,230000
1069,151400
866,148500
342,82000
1086,147000
200,274900
430,175000
1439,149700
877,132250
731,236500
920,176500
298,239000
74,144900
808,223500
548,129500
950,197500
1343,228500
1322,72500
1329,256000
822,93000
664,137500
1242,248328
1315,119000
624,168500
1163,129000
213,252678
1036,84000
1327,79000
1354,410000
728,194500
702,140000
1023,87000
1397,160000
235,216500
1008,88000
979,110000
68,226000
25,154000
217,210000
813,55993
736,163000
1154,120500
112,180000
167,190000
1395,246578
208,141000
275,124500
42,170000
592,451950
1295,115000
526,176000
288,88000
470,187000
122,100000
1456,175000
1253,130000
929,236500
674,257500
1142,197500
887,145000
957,124000
26,256300
1135,169000
150,115000
926,175000
1177,119500
697,89000
844,141000
890,149500
599,217500
1021,176000
140,231500
750,98000
1285,169000
1005,181000
324,126175
181,177000
1273,137000
451,110000
608,225000
1044,262280
297,152000
1294,162900
1251,244000
95,204750
1368,127000
638,93000
1305,130000
287,159000
489,160000
445,210000
1209,140000
1199,178000
276,205000
807,135500
1153,230000
1207,107000
33,179900
1105,106000
308,89500
771,134900
12,345000
873,116000
1068,167900
87,174000
779,144000
1061,213500
1447,157900
1083,192000
1066,328000
783,187100
563,108000
210,145000
1173,171900
740,190000
595,110000
124,153900
735,108000
932,117500
99,83000
378,340000
131,226000
24,129900
1374,466500
556,113000
371,172400
384,76000
202,171500
918,135000
369,132000
974,182000
388,125000
817,137000
1317,295493
257,207500
1222,134000
1120,133700
170,228000
1330,176500
561,121500
374,123000
910,174000
720,128500
792,146800
955,127500
1252,171750
1168,173000
1205,153500
869,169000
973,99500
1156,218000
1422,127500
1072,154000
965,214900
775,395000
325,242000
204,149000
85,168500
634,139400
909,131000
612,148000
399,67000
92,98600
1107,179900
431,85400
780,135000
1144,80000
292,135900
58,196500
1346,108500
258,220000
889,268000
1420,223000
1067,178000
389,191000
336,228950
274,139000
757,212000
1078,138800
1410,215000
129,155000
803,189000
29,207500
1208,200000
883,178000
511,164900
676,148500
152,372402
245,205000
715,130500
544,133000
545,179665
640,264561
698,123500
1290,281000
1313,302000
424,315000
911,154300
1172,163000
660,167000
798,110000
1436,174000
1202,197900
100,128950
851,131500
449,119500
756,172500
977,85500
116,176000
778,142500
73,185000
846,171000
538,111250
850,187000
175,184000
88,164500
552,112500
706,55000
315,178000
1421,179900
601,275000
1095,129000
600,151000
278,141000
1034,230000
1384,112000
764,337000
836,128000
1217,112000
560,234000
685,221000
