,MSSubClass,LotFrontage,LotArea,OverallQual,OverallCond,YearBuilt,YearRemodAdd,MasVnrArea,BsmtFinSF1,BsmtFinSF2,BsmtUnfSF,TotalBsmtSF,1stFlrSF,2ndFlrSF,LowQualFinSF,GrLivArea,BsmtFullBath,BsmtHalfBath,FullBath,HalfBath,BedroomAbvGr,KitchenAbvGr,TotRmsAbvGrd,Fireplaces,GarageYrBlt,GarageCars,GarageArea,WoodDeckSF,OpenPorchSF,EnclosedPorch,3SsnPorch,ScreenPorch,PoolArea,MiscVal,MoSold,YrSold
0,20.0,69.61401673640168,32668.0,6.0,3.0,1957.0,1975.0,103.48106712564544,1219.0,0.0,816.0,2035.0,2515.0,0.0,0.0,2515.0,1.0,0.0,3.0,0.0,4.0,2.0,9.0,2.0,1975.0,2.0,484.0,0.0,0.0,200.0,0.0,0.0,0.0,0.0,3.0,2007.0
1,50.0,79.0,9490.0,6.0,7.0,1941.0,1950.0,0.0,403.0,165.0,238.0,806.0,958.0,620.0,0.0,1578.0,1.0,0.0,1.0,0.0,3.0,1.0,5.0,2.0,1941.0,1.0,240.0,0.0,0.0,32.0,0.0,0.0,0.0,0.0,8.0,2006.0
2,50.0,69.61401673640168,7015.0,5.0,4.0,1950.0,1950.0,161.0,185.0,0.0,524.0,709.0,979.0,224.0,0.0,1203.0,1.0,0.0,1.0,0.0,3.0,1.0,5.0,1.0,1950.0,1.0,352.0,0.0,0.0,248.0,0.0,0.0,0.0,0.0,7.0,2009.0
3,60.0,83.0,10005.0,7.0,5.0,1977.0,1977.0,299.0,392.0,0.0,768.0,1160.0,1156.0,866.0,0.0,2022.0,0.0,0.0,2.0,1.0,4.0,1.0,8.0,1.0,1977.0,2.0,505.0,288.0,117.0,0.0,0.0,0.0,0.0,0.0,3.0,2008.0
4,160.0,21.0,1680.0,6.0,5.0,1971.0,1971.0,381.0,0.0,0.0,525.0,525.0,525.0,567.0,0.0,1092.0,0.0,0.0,1.0,1.0,3.0,1.0,6.0,0.0,1971.0,1.0,264.0,0.0,0.0,0.0,0.0,0.0,0.0,0.0,3.0,2010.0
5,30.0,60.0,7200.0,5.0,4.0,1910.0,2006.0,0.0,247.0,465.0,310.0,1022.0,1022.0,0.0,0.0,1022.0,1.0,0.0,1.0,0.0,2.0,1.0,4.0,0.0,1956.0,1.0,280.0,0.0,30.0,226.0,0.0,0.0,0.0,0.0,6.0,2009.0
6,20.0,49.0,15256.0,8.0,5.0,2007.0,2007.0,84.0,929.0,0.0,556.0,1485.0,1464.0,0.0,0.0,1464.0,1.0,0.0,2.0,0.0,3.0,1.0,6.0,0.0,2007.0,3.0,754.0,168.0,160.0,0.0,0.0,0.0,0.0,0.0,8.0,2007.0
7,50.0,50.0,9000.0,6.0,6.0,1937.0,1950.0,0.0,0.0,0.0,780.0,780.0,780.0,595.0,0.0,1375.0,0.0,0.0,1.0,1.0,3.0,1.0,6.0,1.0,1979.0,1.0,544.0,0.0,162.0,0.0,0.0,126.0,0.0,0.0,12.0,2007.0
8,60.0,160.0,15623.0,10.0,5.0,1996.0,1996.0,0.0,2096.0,0.0,300.0,2396.0,2411.0,2065.0,0.0,4476.0,1.0,0.0,3.0,1.0,4.0,1.0,10.0,2.0,1996.0,3.0,813.0,171.0,78.0,0.0,0.0,0.0,555.0,0.0,7.0,2007.0
9,160.0,69.61401673640168,5105.0,7.0,5.0,2004.0,2004.0,0.0,239.0,0.0,312.0,551.0,551.0,551.0,0.0,1102.0,0.0,0.0,2.0,1.0,2.0,1.0,4.0,0.0,2004.0,2.0,480.0,0.0,60.0,0.0,0.0,0.0,0.0,0.0,3.0,2007.0
10,120.0,47.0,4230.0,7.0,5.0,2006.0,2007.0,0.0,0.0,0.0,1352.0,1352.0,1352.0,0.0,0.0,1352.0,0.0,0.0,2.0,0.0,2.0,1.0,5.0,1.0,2006.0,2.0,466.0,0.0,241.0,0.0,0.0,0.0,0.0,0.0,4.0,2007.0
11,90.0,69.61401673640168,11500.0,5.0,6.0,1976.0,1976.0,164.0,0.0,0.0,1680.0,1680.0,1680.0,0.0,0.0,1680.0,0.0,0.0,2.0,0.0,4.0,2.0,8.0,0.0,1976.0,2.0,528.0,0.0,0.0,0.0,0.0,0.0,0.0,0.0,6.0,2007.0
12,60.0,69.61401673640168,10762.0,7.0,5.0,1999.0,1999.0,344.0,694.0,0.0,284.0,978.0,1005.0,978.0,0.0,1983.0,0.0,0.0,2.0,1.0,3.0,1.0,9.0,1.0,1999.0,2.0,490.0,0.0,0.0,0.0,0.0,0.0,0.0,0.0,5.0,2009.0
13,85.0,68.0,7838.0,5.0,5.0,1967.0,1967.0,0.0,769.0,0.0,95.0,864.0,900.0,0.0,0.0,900.0,1.0,0.0,1.0,0.0,3.0,1.0,6.0,1.0,1967.0,1.0,288.0,175.0,144.0,0.0,0.0,0.0,0.0,0.0,12.0,2006.0
14,20.0,60.0,11664.0,6.0,5.0,1948.0,1950.0,206.0,336.0,0.0,746.0,1082.0,1082.0,0.0,0.0,1082.0,0.0,0.0,1.0,0.0,2.0,1.0,5.0,1.0,1948.0,1.0,240.0,0.0,130.0,0.0,0.0,0.0,0.0,0.0,11.0,2007.0
15,20.0,70.0,8400.0,5.0,6.0,1957.0,1957.0,0.0,922.0,0.0,392.0,1314.0,1314.0,0.0,0.0,1314.0,1.0,0.0,1.0,0.0,3.0,1.0,5.0,0.0,1957.0,1.0,294.0,250.0,0.0,0.0,0.0,0.0,0.0,0.0,6.0,2010.0
16,60.0,107.0,10186.0,7.0,5.0,1992.0,1992.0,0.0,674.0,0.0,76.0,750.0,1061.0,862.0,0.0,1923.0,1.0,0.0,2.0,1.0,3.0,1.0,8.0,1.0,1992.0,2.0,564.0,240.0,39.0,0.0,0.0,0.0,0.0,0.0,6.0,2010.0
17,20.0,60.0,8070.0,4.0,5.0,1994.0,1995.0,0.0,588.0,0.0,402.0,990.0,990.0,0.0,0.0,990.0,1.0,0.0,1.0,0.0,3.0,1.0,5.0,0.0,1978.1405405405405,0.0,0.0,0.0,0.0,0.0,0.0,0.0,0.0,0.0,8.0,2007.0
18,20.0,69.61401673640168,8544.0,5.0,6.0,1966.0,2006.0,0.0,0.0,0.0,1228.0,1228.0,1228.0,0.0,0.0,1228.0,0.0,0.0,1.0,1.0,3.0,1.0,6.0,0.0,1966.0,1.0,271.0,0.0,65.0,0.0,0.0,0.0,0.0,0.0,6.0,2008.0
19,70.0,50.0,2500.0,7.0,8.0,1915.0,2005.0,0.0,299.0,0.0,611.0,910.0,916.0,910.0,0.0,1826.0,1.0,0.0,1.0,1.0,4.0,1.0,7.0,1.0,1915.0,1.0,164.0,0.0,0.0,0.0,0.0,0.0,0.0,0.0,6.0,2009.0
20,50.0,71.0,8520.0,5.0,4.0,1952.0,1952.0,0.0,507.0,0.0,403.0,910.0,910.0,475.0,0.0,1385.0,0.0,0.0,2.0,0.0,4.0,1.0,6.0,0.0,2000.0,2.0,720.0,0.0,0.0,0.0,0.0,0.0,0.0,0.0,6.0,2010.0
21,120.0,69.61401673640168,4438.0,6.0,5.0,2004.0,2004.0,169.0,662.0,0.0,186.0,848.0,848.0,0.0,0.0,848.0,1.0,0.0,1.0,0.0,1.0,1.0,4.0,1.0,2004.0,2.0,420.0,140.0,0.0,0.0,0.0,0.0,0.0,0.0,6.0,2008.0
22,90.0,110.0,8472.0,5.0,5.0,1963.0,1963.0,0.0,104.0,712.0,0.0,816.0,816.0,0.0,0.0,816.0,1.0,0.0,1.0,0.0,2.0,1.0,5.0,0.0,1963.0,2.0,516.0,106.0,0.0,0.0,0.0,0.0,0.0,0.0,5.0,2010.0
23,60.0,65.0,8125.0,6.0,5.0,1994.0,1995.0,0.0,0.0,0.0,702.0,702.0,702.0,779.0,0.0,1481.0,0.0,0.0,2.0,1.0,3.0,1.0,6.0,1.0,1994.0,2.0,343.0,0.0,36.0,0.0,0.0,0.0,0.0,0.0,3.0,2009.0
24,60.0,76.0,9120.0,6.0,6.0,1974.0,1974.0,270.0,442.0,0.0,459.0,901.0,943.0,933.0,0.0,1876.0,0.0,0.0,2.0,1.0,4.0,1.0,8.0,1.0,1974.0,2.0,540.0,0.0,69.0,0.0,0.0,0.0,0.0,0.0,7.0,2008.0
25,70.0,121.0,17671.0,8.0,9.0,1882.0,1986.0,0.0,216.0,0.0,700.0,916.0,916.0,826.0,0.0,1742.0,0.0,0.0,1.0,1.0,4.0,1.0,8.0,1.0,1925.0,2.0,424.0,0.0,169.0,0.0,0.0,0.0,0.0,0.0,11.0,2009.0
26,160.0,69.61401673640168,2117.0,6.0,5.0,2000.0,2000.0,216.0,378.0,0.0,378.0,756.0,769.0,804.0,0.0,1573.0,0.0,0.0,2.0,1.0,3.0,1.0,5.0,0.0,2000.0,2.0,440.0,0.0,32.0,0.0,0.0,0.0,0.0,0.0,6.0,2010.0
27,180.0,21.0,1936.0,4.0,6.0,1970.0,1970.0,0.0,131.0,499.0,0.0,630.0,630.0,0.0,0.0,630.0,1.0,0.0,1.0,0.0,1.0,1.0,3.0,0.0,1978.1405405405405,0.0,0.0,0.0,0.0,0.0,0.0,0.0,0.0,0.0,12.0,2007.0
28,20.0,86.0,13286.0,9.0,5.0,2007.0,2008.0,340.0,1234.0,0.0,464.0,1698.0,1698.0,0.0,0.0,1698.0,1.0,0.0,2.0,0.0,3.0,1.0,8.0,1.0,2007.0,3.0,768.0,327.0,64.0,0.0,0.0,0.0,0.0,0.0,2.0,2009.0
29,50.0,80.0,8480.0,5.0,5.0,1947.0,1950.0,0.0,442.0,0.0,390.0,832.0,832.0,384.0,0.0,1216.0,0.0,0.0,1.0,0.0,2.0,1.0,6.0,0.0,1947.0,1.0,336.0,158.0,0.0,102.0,0.0,0.0,0.0,0.0,10.0,2008.0
30,90.0,85.0,11475.0,5.0,5.0,1958.0,1958.0,95.0,0.0,0.0,1584.0,1584.0,1776.0,0.0,0.0,1776.0,1.0,0.0,2.0,0.0,4.0,2.0,9.0,0.0,1968.0,3.0,888.0,0.0,25.0,0.0,0.0,0.0,0.0,0.0,7.0,2009.0
31,60.0,75.0,9317.0,7.0,5.0,1993.0,1993.0,137.0,513.0,0.0,227.0,740.0,1006.0,769.0,0.0,1775.0,1.0,0.0,2.0,1.0,3.0,1.0,7.0,1.0,1993.0,2.0,425.0,234.0,72.0,192.0,0.0,0.0,0.0,0.0,7.0,2009.0
32,85.0,69.61401673640168,7540.0,6.0,6.0,1978.0,1978.0,0.0,773.0,0.0,115.0,888.0,912.0,0.0,0.0,912.0,1.0,0.0,1.0,0.0,2.0,1.0,5.0,1.0,1978.0,2.0,470.0,0.0,0.0,0.0,0.0,192.0,0.0,0.0,6.0,2007.0
33,60.0,84.0,14260.0,8.0,5.0,2000.0,2000.0,350.0,655.0,0.0,490.0,1145.0,1145.0,1053.0,0.0,2198.0,1.0,0.0,2.0,1.0,4.0,1.0,9.0,1.0,2000.0,3.0,836.0,192.0,84.0,0.0,0.0,0.0,0.0,0.0,12.0,2008.0
34,20.0,80.0,11844.0,8.0,5.0,2008.0,2008.0,464.0,0.0,0.0,2046.0,2046.0,2046.0,0.0,0.0,2046.0,0.0,0.0,2.0,1.0,3.0,1.0,7.0,1.0,2008.0,3.0,834.0,322.0,82.0,0.0,0.0,0.0,0.0,0.0,7.0,2009.0
35,60.0,57.0,21872.0,7.0,5.0,1996.0,1997.0,0.0,604.0,0.0,125.0,729.0,729.0,717.0,0.0,1446.0,0.0,1.0,2.0,1.0,3.0,1.0,6.0,1.0,1996.0,2.0,406.0,264.0,22.0,0.0,0.0,0.0,0.0,0.0,8.0,2008.0
36,120.0,60.0,7313.0,9.0,5.0,2005.0,2005.0,246.0,1153.0,0.0,408.0,1561.0,1561.0,0.0,0.0,1561.0,1.0,0.0,2.0,0.0,2.0,1.0,6.0,1.0,2005.0,2.0,556.0,203.0,47.0,0.0,0.0,0.0,0.0,0.0,8.0,2007.0
37,20.0,70.0,7700.0,5.0,5.0,1972.0,1972.0,0.0,138.0,468.0,276.0,882.0,882.0,0.0,0.0,882.0,1.0,0.0,1.0,0.0,3.0,1.0,5.0,0.0,1980.0,2.0,461.0,96.0,0.0,0.0,0.0,0.0,0.0,0.0,3.0,2007.0
38,60.0,75.0,9375.0,7.0,5.0,2003.0,2004.0,0.0,0.0,0.0,912.0,912.0,912.0,1182.0,0.0,2094.0,0.0,0.0,2.0,1.0,4.0,1.0,8.0,1.0,2003.0,2.0,615.0,182.0,182.0,0.0,0.0,0.0,0.0,0.0,11.0,2009.0
39,60.0,98.0,12256.0,8.0,5.0,1994.0,1995.0,362.0,1032.0,0.0,431.0,1463.0,1500.0,1122.0,0.0,2622.0,1.0,0.0,2.0,1.0,3.0,1.0,9.0,2.0,1994.0,2.0,712.0,186.0,32.0,0.0,0.0,0.0,0.0,0.0,4.0,2010.0
40,20.0,84.0,12615.0,6.0,7.0,1950.0,2001.0,0.0,477.0,0.0,725.0,1202.0,2158.0,0.0,0.0,2158.0,1.0,0.0,2.0,0.0,4.0,1.0,7.0,1.0,1950.0,2.0,576.0,0.0,29.0,39.0,0.0,0.0,0.0,0.0,6.0,2007.0
41,80.0,60.0,7134.0,5.0,5.0,1955.0,1955.0,0.0,384.0,0.0,0.0,384.0,1360.0,0.0,0.0,1360.0,0.0,0.0,1.0,0.0,3.0,1.0,6.0,1.0,1962.0,2.0,572.0,0.0,50.0,0.0,0.0,0.0,0.0,0.0,2.0,2007.0
42,20.0,65.0,8767.0,7.0,5.0,2005.0,2005.0,0.0,24.0,0.0,1286.0,1310.0,1310.0,0.0,0.0,1310.0,0.0,0.0,2.0,0.0,3.0,1.0,6.0,1.0,2005.0,2.0,400.0,0.0,0.0,0.0,0.0,0.0,0.0,0.0,7.0,2006.0
43,20.0,107.0,11362.0,8.0,5.0,2004.0,2005.0,42.0,1039.0,0.0,797.0,1836.0,1836.0,0.0,0.0,1836.0,1.0,0.0,2.0,0.0,3.0,1.0,7.0,1.0,2004.0,3.0,862.0,125.0,185.0,0.0,0.0,0.0,0.0,0.0,3.0,2009.0
44,60.0,174.0,15138.0,8.0,5.0,1995.0,1996.0,506.0,689.0,0.0,773.0,1462.0,1490.0,1304.0,0.0,2794.0,1.0,0.0,2.0,1.0,4.0,1.0,9.0,1.0,1995.0,3.0,810.0,0.0,146.0,202.0,0.0,0.0,0.0,0.0,7.0,2009.0
45,90.0,69.61401673640168,10624.0,5.0,4.0,1964.0,1964.0,84.0,40.0,264.0,1424.0,1728.0,1728.0,0.0,0.0,1728.0,0.0,1.0,2.0,0.0,6.0,2.0,10.0,0.0,2002.0,1.0,352.0,155.0,0.0,0.0,0.0,0.0,0.0,0.0,11.0,2007.0
46,20.0,49.0,8235.0,5.0,7.0,1955.0,1995.0,0.0,180.0,645.0,0.0,825.0,825.0,0.0,0.0,825.0,1.0,0.0,1.0,0.0,2.0,1.0,4.0,0.0,1963.0,2.0,720.0,140.0,50.0,0.0,0.0,0.0,0.0,0.0,6.0,2008.0
47,20.0,75.0,10650.0,5.0,6.0,1976.0,1976.0,0.0,182.0,712.0,0.0,894.0,894.0,0.0,0.0,894.0,1.0,0.0,1.0,0.0,3.0,1.0,5.0,0.0,1976.0,1.0,308.0,365.0,0.0,0.0,0.0,0.0,0.0,0.0,2.0,2010.0
48,60.0,70.0,11184.0,6.0,5.0,1978.0,1978.0,92.0,226.0,500.0,192.0,918.0,918.0,765.0,0.0,1683.0,0.0,0.0,2.0,1.0,3.0,1.0,7.0,1.0,1978.0,2.0,440.0,243.0,0.0,0.0,0.0,0.0,0.0,0.0,7.0,2009.0
49,20.0,60.0,11100.0,4.0,7.0,1946.0,2006.0,0.0,0.0,0.0,0.0,0.0,930.0,0.0,0.0,930.0,0.0,0.0,1.0,0.0,2.0,1.0,6.0,0.0,1946.0,1.0,308.0,0.0,0.0,0.0,0.0,0.0,0.0,0.0,4.0,2010.0
50,60.0,110.0,13688.0,9.0,5.0,2003.0,2004.0,664.0,1016.0,0.0,556.0,1572.0,1572.0,1096.0,0.0,2668.0,1.0,0.0,2.0,1.0,3.0,1.0,10.0,2.0,2003.0,3.0,726.0,400.0,0.0,0.0,0.0,0.0,0.0,0.0,3.0,2008.0
51,20.0,79.0,10289.0,5.0,7.0,1965.0,1965.0,168.0,836.0,0.0,237.0,1073.0,1073.0,0.0,0.0,1073.0,1.0,0.0,1.0,1.0,3.0,1.0,6.0,0.0,1965.0,2.0,515.0,0.0,0.0,0.0,0.0,0.0,0.0,0.0,6.0,2007.0
52,20.0,80.0,9650.0,6.0,5.0,1977.0,1977.0,360.0,686.0,0.0,664.0,1350.0,1334.0,0.0,0.0,1334.0,0.0,1.0,2.0,0.0,2.0,1.0,6.0,1.0,1977.0,2.0,630.0,0.0,16.0,0.0,0.0,0.0,0.0,0.0,4.0,2009.0
53,30.0,69.61401673640168,7446.0,4.0,5.0,1941.0,1950.0,0.0,266.0,0.0,522.0,788.0,788.0,0.0,0.0,788.0,0.0,0.0,1.0,0.0,2.0,1.0,4.0,2.0,1978.1405405405405,0.0,0.0,0.0,0.0,0.0,0.0,0.0,0.0,0.0,4.0,2006.0
54,80.0,69.61401673640168,12800.0,7.0,5.0,1989.0,1989.0,145.0,1518.0,0.0,0.0,1518.0,1644.0,0.0,0.0,1644.0,1.0,1.0,2.0,0.0,2.0,1.0,5.0,1.0,1989.0,2.0,569.0,80.0,0.0,0.0,0.0,396.0,0.0,0.0,8.0,2009.0
55,20.0,70.0,8294.0,4.0,5.0,1971.0,1971.0,0.0,0.0,0.0,858.0,858.0,872.0,0.0,0.0,872.0,0.0,0.0,1.0,0.0,3.0,1.0,5.0,0.0,1974.0,4.0,480.0,0.0,0.0,0.0,0.0,0.0,0.0,0.0,6.0,2007.0
56,70.0,60.0,9600.0,5.0,7.0,1910.0,2002.0,0.0,0.0,0.0,264.0,264.0,768.0,664.0,0.0,1432.0,0.0,0.0,2.0,0.0,2.0,1.0,7.0,0.0,1910.0,2.0,360.0,270.0,0.0,112.0,0.0,0.0,0.0,0.0,5.0,2007.0
57,60.0,72.0,10463.0,8.0,5.0,2005.0,2005.0,0.0,0.0,0.0,893.0,893.0,901.0,900.0,0.0,1801.0,0.0,0.0,2.0,1.0,3.0,1.0,8.0,1.0,2005.0,3.0,800.0,0.0,116.0,0.0,0.0,0.0,0.0,0.0,6.0,2006.0
58,20.0,80.0,8816.0,5.0,6.0,1963.0,1963.0,0.0,651.0,0.0,470.0,1121.0,1121.0,0.0,0.0,1121.0,1.0,0.0,1.0,0.0,3.0,1.0,5.0,0.0,1963.0,2.0,480.0,0.0,80.0,0.0,0.0,0.0,0.0,0.0,6.0,2009.0
59,20.0,50.0,6000.0,5.0,5.0,1948.0,1950.0,0.0,104.0,169.0,516.0,789.0,789.0,0.0,0.0,789.0,0.0,0.0,1.0,0.0,2.0,1.0,5.0,0.0,1948.0,1.0,250.0,0.0,0.0,0.0,0.0,0.0,0.0,0.0,4.0,2008.0
60,85.0,80.0,8800.0,6.0,7.0,1963.0,1963.0,156.0,763.0,0.0,173.0,936.0,1054.0,0.0,0.0,1054.0,1.0,0.0,1.0,0.0,3.0,1.0,6.0,0.0,1963.0,2.0,480.0,120.0,0.0,0.0,0.0,0.0,0.0,0.0,5.0,2010.0
61,20.0,72.0,10152.0,5.0,5.0,1956.0,1956.0,120.0,586.0,0.0,462.0,1048.0,1048.0,0.0,0.0,1048.0,1.0,0.0,1.0,0.0,3.0,1.0,6.0,0.0,1956.0,1.0,286.0,0.0,20.0,0.0,0.0,192.0,0.0,0.0,6.0,2007.0
62,20.0,72.0,10011.0,5.0,6.0,1957.0,1996.0,64.0,360.0,0.0,710.0,1070.0,1236.0,0.0,0.0,1236.0,0.0,1.0,1.0,0.0,2.0,1.0,6.0,1.0,1957.0,1.0,447.0,0.0,0.0,0.0,0.0,0.0,0.0,0.0,5.0,2006.0
63,80.0,69.61401673640168,14112.0,5.0,7.0,1964.0,1964.0,86.0,1014.0,0.0,138.0,1152.0,1152.0,0.0,0.0,1152.0,1.0,0.0,1.0,0.0,3.0,1.0,6.0,1.0,1964.0,2.0,484.0,227.0,0.0,0.0,0.0,0.0,0.0,0.0,4.0,2010.0
64,20.0,65.0,8125.0,6.0,5.0,1994.0,1998.0,258.0,1138.0,0.0,270.0,1408.0,1679.0,0.0,0.0,1679.0,1.0,0.0,2.0,0.0,3.0,1.0,7.0,1.0,1994.0,2.0,575.0,224.0,42.0,0.0,0.0,0.0,0.0,0.0,10.0,2008.0
65,20.0,70.0,8400.0,6.0,3.0,1957.0,1957.0,0.0,189.0,661.0,628.0,1478.0,1478.0,0.0,0.0,1478.0,1.0,0.0,1.0,1.0,3.0,1.0,6.0,2.0,1957.0,2.0,442.0,114.0,0.0,0.0,0.0,216.0,0.0,0.0,6.0,2009.0
66,20.0,70.0,13300.0,5.0,7.0,1956.0,2000.0,0.0,377.0,0.0,551.0,928.0,928.0,0.0,0.0,928.0,0.0,0.0,1.0,0.0,2.0,1.0,4.0,0.0,1956.0,1.0,252.0,261.0,0.0,156.0,0.0,0.0,0.0,0.0,6.0,2007.0
67,60.0,83.0,13159.0,7.0,5.0,2009.0,2009.0,0.0,0.0,0.0,846.0,846.0,846.0,846.0,0.0,1692.0,0.0,0.0,2.0,1.0,3.0,1.0,6.0,0.0,2009.0,2.0,650.0,208.0,114.0,0.0,0.0,0.0,0.0,0.0,7.0,2009.0
68,50.0,53.0,5362.0,5.0,6.0,1910.0,2003.0,0.0,0.0,0.0,661.0,661.0,661.0,589.0,0.0,1250.0,0.0,0.0,2.0,0.0,3.0,1.0,8.0,1.0,1985.0,2.0,552.0,242.0,0.0,81.0,0.0,0.0,0.0,0.0,11.0,2007.0
69,60.0,69.61401673640168,12394.0,7.0,5.0,2003.0,2003.0,0.0,0.0,0.0,847.0,847.0,847.0,886.0,0.0,1733.0,0.0,0.0,2.0,1.0,3.0,1.0,7.0,1.0,2003.0,2.0,433.0,100.0,48.0,0.0,0.0,0.0,0.0,0.0,10.0,2007.0
70,60.0,71.0,7795.0,7.0,5.0,2004.0,2005.0,0.0,425.0,0.0,291.0,716.0,716.0,716.0,0.0,1432.0,1.0,0.0,2.0,1.0,3.0,1.0,6.0,1.0,2004.0,2.0,432.0,100.0,51.0,0.0,0.0,0.0,0.0,0.0,7.0,2009.0
71,190.0,50.0,7420.0,5.0,6.0,1939.0,1950.0,0.0,851.0,0.0,140.0,991.0,1077.0,0.0,0.0,1077.0,1.0,0.0,1.0,0.0,2.0,2.0,5.0,2.0,1939.0,1.0,205.0,0.0,4.0,0.0,0.0,0.0,0.0,0.0,1.0,2008.0
72,20.0,74.0,10206.0,3.0,3.0,1952.0,1952.0,0.0,0.0,0.0,0.0,0.0,944.0,0.0,0.0,944.0,0.0,0.0,1.0,0.0,2.0,1.0,4.0,0.0,1956.0,2.0,528.0,0.0,0.0,0.0,0.0,0.0,0.0,0.0,7.0,2009.0
73,20.0,60.0,8089.0,8.0,6.0,2007.0,2007.0,0.0,945.0,0.0,474.0,1419.0,1419.0,0.0,0.0,1419.0,1.0,0.0,2.0,0.0,2.0,1.0,7.0,1.0,2007.0,2.0,567.0,140.0,0.0,0.0,0.0,0.0,0.0,0.0,10.0,2007.0
74,20.0,69.61401673640168,8926.0,4.0,3.0,1956.0,1956.0,0.0,0.0,0.0,672.0,672.0,960.0,0.0,0.0,960.0,0.0,0.0,1.0,0.0,3.0,1.0,5.0,0.0,1956.0,1.0,288.0,64.0,0.0,0.0,0.0,160.0,0.0,0.0,10.0,2009.0
75,20.0,67.0,10656.0,8.0,5.0,2006.0,2007.0,274.0,0.0,0.0,1638.0,1638.0,1646.0,0.0,0.0,1646.0,0.0,0.0,2.0,0.0,3.0,1.0,6.0,1.0,2007.0,3.0,870.0,192.0,80.0,0.0,0.0,0.0,0.0,0.0,11.0,2007.0
76,85.0,69.0,10205.0,5.0,5.0,1962.0,1962.0,0.0,784.0,0.0,141.0,925.0,999.0,0.0,0.0,999.0,1.0,0.0,1.0,0.0,3.0,1.0,6.0,0.0,1962.0,1.0,300.0,150.0,72.0,0.0,0.0,0.0,0.0,0.0,5.0,2006.0
77,40.0,50.0,9100.0,5.0,6.0,1930.0,1960.0,0.0,0.0,0.0,742.0,742.0,779.0,0.0,156.0,935.0,0.0,0.0,1.0,0.0,2.0,1.0,4.0,0.0,1988.0,1.0,308.0,0.0,0.0,0.0,0.0,0.0,0.0,600.0,8.0,2008.0
78,60.0,134.0,19378.0,7.0,5.0,2005.0,2006.0,456.0,57.0,0.0,1335.0,1392.0,1392.0,1070.0,0.0,2462.0,1.0,0.0,2.0,1.0,4.0,1.0,9.0,1.0,2006.0,2.0,576.0,239.0,132.0,0.0,168.0,0.0,0.0,0.0,3.0,2006.0
79,80.0,85.0,9350.0,6.0,7.0,1964.0,1991.0,108.0,270.0,580.0,452.0,1302.0,1302.0,0.0,0.0,1302.0,0.0,1.0,2.0,0.0,3.0,1.0,7.0,0.0,1964.0,1.0,309.0,333.0,0.0,0.0,0.0,0.0,0.0,0.0,10.0,2007.0
80,90.0,60.0,7200.0,5.0,5.0,1980.0,1980.0,180.0,936.0,0.0,0.0,936.0,936.0,0.0,0.0,936.0,1.0,0.0,1.0,0.0,2.0,1.0,4.0,0.0,1980.0,2.0,672.0,49.0,0.0,0.0,0.0,0.0,0.0,0.0,8.0,2007.0
81,20.0,69.61401673640168,7000.0,5.0,8.0,1978.0,2005.0,90.0,646.0,0.0,218.0,864.0,864.0,0.0,0.0,864.0,1.0,0.0,1.0,0.0,3.0,1.0,6.0,0.0,1978.0,1.0,336.0,0.0,0.0,0.0,0.0,0.0,0.0,0.0,7.0,2009.0
82,190.0,70.0,7000.0,5.0,7.0,1910.0,1991.0,0.0,969.0,0.0,148.0,1117.0,820.0,527.0,0.0,1347.0,1.0,0.0,1.0,0.0,3.0,1.0,5.0,0.0,1978.1405405405405,0.0,0.0,85.0,0.0,148.0,0.0,0.0,0.0,0.0,1.0,2008.0
83,20.0,57.0,9245.0,5.0,5.0,1994.0,1995.0,0.0,686.0,0.0,304.0,990.0,990.0,0.0,0.0,990.0,0.0,1.0,1.0,0.0,3.0,1.0,5.0,0.0,1996.0,2.0,672.0,0.0,0.0,0.0,0.0,0.0,0.0,0.0,2.0,2008.0
84,50.0,138.0,18030.0,5.0,6.0,1946.0,1994.0,0.0,152.0,469.0,977.0,1598.0,1636.0,971.0,479.0,3086.0,0.0,0.0,3.0,0.0,3.0,1.0,12.0,1.0,1978.1405405405405,0.0,0.0,122.0,0.0,0.0,0.0,0.0,0.0,0.0,3.0,2007.0
85,20.0,65.0,8450.0,7.0,5.0,2003.0,2003.0,0.0,699.0,0.0,638.0,1337.0,1337.0,0.0,0.0,1337.0,1.0,0.0,2.0,0.0,3.0,1.0,6.0,0.0,2003.0,2.0,531.0,0.0,39.0,0.0,0.0,0.0,0.0,0.0,10.0,2007.0
86,50.0,60.0,10410.0,3.0,4.0,1915.0,1950.0,0.0,0.0,0.0,672.0,672.0,694.0,520.0,0.0,1214.0,0.0,0.0,1.0,0.0,3.0,1.0,6.0,0.0,1998.0,3.0,936.0,216.0,0.0,160.0,0.0,0.0,0.0,0.0,1.0,2006.0
87,120.0,40.0,6792.0,7.0,5.0,2005.0,2006.0,94.0,0.0,0.0,1368.0,1368.0,1368.0,0.0,0.0,1368.0,0.0,0.0,2.0,0.0,2.0,1.0,6.0,1.0,2005.0,2.0,474.0,132.0,35.0,0.0,0.0,0.0,0.0,0.0,3.0,2006.0
88,20.0,83.0,10420.0,6.0,5.0,2009.0,2009.0,0.0,36.0,0.0,1176.0,1212.0,1212.0,0.0,0.0,1212.0,0.0,0.0,2.0,0.0,3.0,1.0,6.0,0.0,2009.0,2.0,460.0,100.0,22.0,0.0,0.0,0.0,0.0,0.0,3.0,2010.0
89,20.0,75.0,9464.0,6.0,7.0,1958.0,1958.0,135.0,570.0,0.0,510.0,1080.0,1080.0,0.0,0.0,1080.0,0.0,0.0,1.0,0.0,3.0,1.0,5.0,0.0,1958.0,1.0,288.0,0.0,0.0,0.0,0.0,130.0,0.0,0.0,6.0,2008.0
90,60.0,70.0,8750.0,6.0,5.0,1998.0,1998.0,116.0,505.0,0.0,299.0,804.0,804.0,878.0,0.0,1682.0,0.0,0.0,2.0,1.0,3.0,1.0,7.0,0.0,1998.0,2.0,523.0,0.0,77.0,0.0,0.0,0.0,0.0,0.0,6.0,2010.0
91,60.0,69.61401673640168,18800.0,6.0,5.0,1976.0,1976.0,120.0,712.0,0.0,84.0,796.0,790.0,784.0,0.0,1574.0,1.0,0.0,2.0,1.0,3.0,1.0,6.0,1.0,1976.0,2.0,566.0,306.0,111.0,0.0,0.0,0.0,0.0,0.0,7.0,2006.0
92,60.0,69.61401673640168,13031.0,6.0,5.0,1995.0,1996.0,0.0,592.0,0.0,99.0,691.0,691.0,807.0,0.0,1498.0,0.0,0.0,2.0,1.0,3.0,1.0,6.0,1.0,1995.0,2.0,409.0,315.0,44.0,0.0,0.0,0.0,0.0,0.0,7.0,2006.0
93,60.0,95.0,13450.0,7.0,5.0,2002.0,2002.0,0.0,700.0,0.0,216.0,916.0,920.0,941.0,0.0,1861.0,1.0,0.0,2.0,1.0,3.0,1.0,8.0,0.0,2002.0,2.0,492.0,146.0,91.0,0.0,0.0,0.0,0.0,0.0,6.0,2006.0
94,120.0,53.0,3922.0,7.0,5.0,2006.0,2007.0,72.0,0.0,0.0,1258.0,1258.0,1258.0,0.0,0.0,1258.0,0.0,0.0,2.0,0.0,2.0,1.0,6.0,1.0,2007.0,3.0,648.0,144.0,16.0,0.0,0.0,0.0,0.0,0.0,6.0,2007.0
95,20.0,69.61401673640168,10920.0,6.0,5.0,1960.0,1960.0,212.0,733.0,0.0,520.0,1253.0,1253.0,0.0,0.0,1253.0,1.0,0.0,1.0,1.0,2.0,1.0,5.0,1.0,1960.0,1.0,352.0,0.0,213.0,176.0,0.0,0.0,0.0,0.0,5.0,2008.0
96,20.0,70.0,8400.0,7.0,5.0,2004.0,2005.0,109.0,712.0,0.0,761.0,1473.0,1484.0,0.0,0.0,1484.0,1.0,0.0,2.0,0.0,3.0,1.0,7.0,0.0,2004.0,2.0,606.0,0.0,35.0,0.0,144.0,0.0,0.0,0.0,5.0,2010.0
97,50.0,66.0,21780.0,6.0,7.0,1918.0,1950.0,0.0,0.0,0.0,1163.0,1163.0,1163.0,511.0,0.0,1674.0,0.0,0.0,2.0,0.0,4.0,1.0,8.0,1.0,1955.0,2.0,396.0,72.0,36.0,0.0,0.0,144.0,0.0,0.0,7.0,2008.0
98,20.0,70.0,8120.0,4.0,7.0,1970.0,1970.0,0.0,191.0,0.0,673.0,864.0,864.0,0.0,0.0,864.0,0.0,0.0,1.0,0.0,3.0,1.0,5.0,0.0,1994.0,2.0,463.0,0.0,0.0,0.0,0.0,0.0,0.0,0.0,7.0,2009.0
99,50.0,52.0,6240.0,5.0,7.0,1930.0,1992.0,0.0,0.0,0.0,1078.0,1078.0,1128.0,445.0,0.0,1573.0,0.0,0.0,2.0,0.0,3.0,1.0,8.0,1.0,1930.0,2.0,360.0,0.0,0.0,0.0,0.0,0.0,0.0,0.0,6.0,2008.0
100,20.0,78.0,11645.0,7.0,5.0,2005.0,2005.0,0.0,1300.0,0.0,434.0,1734.0,1734.0,0.0,0.0,1734.0,1.0,0.0,2.0,0.0,3.0,1.0,7.0,0.0,2005.0,2.0,660.0,160.0,24.0,0.0,0.0,0.0,0.0,0.0,1.0,2006.0
101,85.0,64.0,7301.0,7.0,5.0,2003.0,2003.0,500.0,0.0,0.0,0.0,0.0,495.0,1427.0,0.0,1922.0,0.0,0.0,3.0,0.0,4.0,1.0,7.0,1.0,2003.0,2.0,672.0,0.0,0.0,177.0,0.0,0.0,0.0,0.0,7.0,2009.0
102,20.0,60.0,9060.0,5.0,6.0,1957.0,2006.0,98.0,0.0,0.0,0.0,0.0,1340.0,0.0,0.0,1340.0,0.0,0.0,1.0,0.0,3.0,1.0,7.0,1.0,1957.0,1.0,252.0,116.0,0.0,0.0,180.0,0.0,0.0,0.0,6.0,2007.0
103,60.0,75.0,7950.0,6.0,6.0,1977.0,1977.0,140.0,535.0,0.0,155.0,690.0,698.0,728.0,0.0,1426.0,0.0,0.0,1.0,1.0,3.0,1.0,6.0,0.0,1977.0,2.0,440.0,252.0,0.0,0.0,0.0,0.0,0.0,0.0,7.0,2009.0
104,30.0,60.0,8520.0,6.0,8.0,1928.0,2003.0,0.0,0.0,0.0,624.0,624.0,720.0,0.0,0.0,720.0,0.0,0.0,1.0,0.0,2.0,1.0,5.0,0.0,2005.0,2.0,484.0,106.0,0.0,0.0,0.0,0.0,0.0,0.0,5.0,2010.0
105,60.0,121.0,16059.0,8.0,5.0,1991.0,1992.0,284.0,0.0,0.0,1288.0,1288.0,1301.0,1116.0,0.0,2417.0,0.0,0.0,2.0,1.0,4.0,1.0,9.0,1.0,1991.0,2.0,462.0,127.0,82.0,0.0,0.0,0.0,0.0,0.0,4.0,2006.0
106,50.0,85.0,14115.0,5.0,5.0,1993.0,1995.0,0.0,732.0,0.0,64.0,796.0,796.0,566.0,0.0,1362.0,1.0,0.0,1.0,1.0,1.0,1.0,5.0,0.0,1993.0,2.0,480.0,40.0,30.0,0.0,320.0,0.0,0.0,700.0,10.0,2009.0
107,30.0,50.0,8765.0,4.0,6.0,1936.0,1950.0,0.0,285.0,0.0,666.0,951.0,951.0,0.0,0.0,951.0,0.0,0.0,1.0,0.0,2.0,1.0,6.0,0.0,1936.0,1.0,327.0,0.0,28.0,0.0,0.0,0.0,0.0,0.0,4.0,2006.0
108,60.0,65.0,10237.0,6.0,5.0,2005.0,2007.0,0.0,0.0,0.0,783.0,783.0,783.0,701.0,0.0,1484.0,0.0,0.0,2.0,1.0,3.0,1.0,8.0,1.0,2005.0,2.0,393.0,0.0,72.0,0.0,0.0,0.0,0.0,0.0,7.0,2007.0
109,70.0,60.0,6882.0,6.0,7.0,1914.0,2006.0,0.0,0.0,0.0,684.0,684.0,773.0,582.0,0.0,1355.0,0.0,0.0,1.0,1.0,3.0,1.0,7.0,0.0,1978.1405405405405,0.0,0.0,136.0,0.0,115.0,0.0,0.0,0.0,0.0,3.0,2007.0
110,30.0,40.0,4280.0,5.0,6.0,1913.0,2002.0,0.0,365.0,0.0,75.0,440.0,694.0,0.0,0.0,694.0,0.0,0.0,1.0,0.0,2.0,1.0,4.0,1.0,1990.0,1.0,352.0,0.0,0.0,34.0,0.0,0.0,0.0,0.0,3.0,2007.0
111,20.0,61.0,7943.0,4.0,5.0,1961.0,1961.0,192.0,903.0,0.0,126.0,1029.0,1029.0,0.0,0.0,1029.0,1.0,0.0,1.0,0.0,3.0,1.0,5.0,0.0,1961.0,1.0,261.0,64.0,0.0,39.0,0.0,0.0,0.0,0.0,4.0,2007.0
112,60.0,69.61401673640168,14803.0,6.0,5.0,1971.0,1971.0,252.0,416.0,0.0,409.0,825.0,1097.0,896.0,0.0,1993.0,0.0,0.0,2.0,1.0,4.0,1.0,8.0,1.0,1971.0,2.0,495.0,0.0,66.0,0.0,0.0,0.0,0.0,0.0,6.0,2006.0
113,190.0,65.0,7800.0,5.0,7.0,1939.0,1950.0,0.0,507.0,0.0,286.0,793.0,793.0,325.0,0.0,1118.0,1.0,0.0,1.0,0.0,3.0,1.0,5.0,1.0,1939.0,2.0,410.0,0.0,0.0,0.0,0.0,271.0,0.0,0.0,5.0,2006.0
114,160.0,35.0,3735.0,7.0,5.0,1999.0,1999.0,218.0,450.0,0.0,241.0,691.0,713.0,739.0,0.0,1452.0,1.0,0.0,2.0,1.0,3.0,1.0,6.0,0.0,1999.0,2.0,506.0,0.0,34.0,0.0,0.0,0.0,0.0,0.0,3.0,2006.0
115,160.0,24.0,2308.0,6.0,6.0,1976.0,1976.0,0.0,556.0,0.0,248.0,804.0,804.0,744.0,0.0,1548.0,1.0,0.0,2.0,1.0,3.0,1.0,7.0,1.0,1976.0,2.0,440.0,48.0,0.0,0.0,0.0,0.0,0.0,0.0,7.0,2007.0
116,20.0,103.0,13472.0,10.0,5.0,2003.0,2003.0,922.0,56.0,0.0,2336.0,2392.0,2392.0,0.0,0.0,2392.0,0.0,0.0,2.0,0.0,3.0,1.0,8.0,1.0,2003.0,3.0,968.0,248.0,105.0,0.0,0.0,0.0,0.0,0.0,6.0,2009.0
117,20.0,75.0,7500.0,5.0,5.0,1963.0,1963.0,0.0,824.0,0.0,216.0,1040.0,1040.0,0.0,0.0,1040.0,1.0,0.0,1.0,1.0,3.0,1.0,5.0,0.0,1963.0,1.0,308.0,0.0,0.0,220.0,0.0,0.0,0.0,0.0,6.0,2010.0
118,60.0,100.0,13000.0,6.0,6.0,1968.0,1968.0,576.0,448.0,0.0,448.0,896.0,1182.0,960.0,0.0,2142.0,0.0,0.0,2.0,1.0,4.0,1.0,8.0,1.0,1968.0,1.0,509.0,0.0,72.0,0.0,0.0,252.0,0.0,0.0,6.0,2009.0
119,60.0,75.0,9000.0,8.0,5.0,2006.0,2006.0,0.0,0.0,0.0,1088.0,1088.0,1088.0,871.0,0.0,1959.0,0.0,0.0,2.0,1.0,3.0,1.0,8.0,1.0,2006.0,3.0,1025.0,208.0,46.0,0.0,0.0,0.0,0.0,0.0,12.0,2007.0
120,20.0,63.0,7500.0,7.0,5.0,2004.0,2005.0,120.0,680.0,0.0,400.0,1080.0,1080.0,0.0,0.0,1080.0,1.0,0.0,1.0,0.0,3.0,1.0,6.0,0.0,1978.1405405405405,0.0,0.0,0.0,0.0,0.0,0.0,0.0,0.0,0.0,4.0,2008.0
121,160.0,34.0,3604.0,7.0,5.0,2007.0,2007.0,0.0,0.0,0.0,689.0,689.0,703.0,689.0,0.0,1392.0,0.0,0.0,2.0,0.0,2.0,1.0,5.0,0.0,2007.0,2.0,540.0,0.0,102.0,0.0,0.0,0.0,0.0,0.0,2.0,2008.0
122,20.0,69.61401673640168,9945.0,5.0,5.0,1961.0,1961.0,57.0,827.0,0.0,161.0,988.0,988.0,0.0,0.0,988.0,1.0,0.0,1.0,0.0,3.0,1.0,5.0,0.0,1963.0,2.0,572.0,0.0,0.0,0.0,0.0,0.0,0.0,0.0,10.0,2007.0
123,60.0,69.61401673640168,9900.0,7.0,5.0,1968.0,1968.0,342.0,552.0,0.0,280.0,832.0,1098.0,880.0,0.0,1978.0,0.0,0.0,2.0,1.0,4.0,1.0,9.0,1.0,1968.0,2.0,486.0,0.0,43.0,0.0,0.0,0.0,0.0,0.0,4.0,2008.0
124,20.0,78.0,10264.0,7.0,5.0,1999.0,1999.0,183.0,1162.0,0.0,426.0,1588.0,1588.0,0.0,0.0,1588.0,0.0,0.0,2.0,0.0,3.0,1.0,6.0,0.0,1999.0,2.0,472.0,158.0,29.0,0.0,0.0,0.0,0.0,0.0,8.0,2006.0
125,20.0,69.61401673640168,4403.0,7.0,5.0,2009.0,2009.0,432.0,578.0,0.0,892.0,1470.0,1478.0,0.0,0.0,1478.0,1.0,0.0,2.0,1.0,2.0,1.0,7.0,1.0,2009.0,2.0,484.0,0.0,144.0,0.0,0.0,0.0,0.0,0.0,6.0,2010.0
126,20.0,107.0,14450.0,9.0,5.0,2006.0,2007.0,315.0,0.0,0.0,2121.0,2121.0,2121.0,0.0,0.0,2121.0,0.0,0.0,2.0,1.0,3.0,1.0,8.0,1.0,2007.0,3.0,732.0,124.0,98.0,0.0,0.0,142.0,0.0,0.0,5.0,2007.0
127,20.0,60.0,7200.0,7.0,5.0,2006.0,2006.0,0.0,0.0,0.0,1293.0,1293.0,1301.0,0.0,0.0,1301.0,1.0,0.0,2.0,0.0,2.0,1.0,5.0,1.0,2006.0,2.0,572.0,216.0,121.0,0.0,0.0,0.0,0.0,0.0,8.0,2006.0
128,120.0,35.0,4274.0,7.0,5.0,2006.0,2007.0,103.48106712564544,1106.0,0.0,135.0,1241.0,1241.0,0.0,0.0,1241.0,1.0,0.0,1.0,1.0,1.0,1.0,4.0,0.0,2007.0,2.0,569.0,0.0,116.0,0.0,0.0,0.0,0.0,0.0,11.0,2007.0
129,20.0,104.0,11361.0,6.0,5.0,1976.0,1976.0,160.0,644.0,0.0,549.0,1193.0,1523.0,0.0,0.0,1523.0,0.0,1.0,2.0,0.0,3.0,1.0,7.0,1.0,1976.0,2.0,478.0,0.0,0.0,0.0,0.0,189.0,0.0,0.0,5.0,2008.0
130,90.0,78.0,7060.0,7.0,5.0,1997.0,1998.0,200.0,1309.0,0.0,35.0,1344.0,1344.0,0.0,0.0,1344.0,2.0,0.0,2.0,0.0,2.0,2.0,8.0,0.0,1997.0,4.0,784.0,0.0,0.0,0.0,0.0,0.0,0.0,0.0,11.0,2008.0
131,20.0,74.0,8556.0,7.0,5.0,2006.0,2006.0,0.0,0.0,0.0,1240.0,1240.0,1240.0,0.0,0.0,1240.0,0.0,0.0,2.0,0.0,2.0,1.0,5.0,0.0,2006.0,3.0,826.0,140.0,93.0,0.0,0.0,0.0,0.0,0.0,5.0,2007.0
132,90.0,64.0,7018.0,5.0,5.0,1979.0,1979.0,0.0,0.0,0.0,0.0,0.0,1120.0,1120.0,0.0,2240.0,0.0,0.0,2.0,0.0,6.0,2.0,12.0,0.0,1979.0,2.0,528.0,154.0,0.0,0.0,0.0,0.0,0.0,0.0,6.0,2009.0
133,20.0,69.61401673640168,12546.0,6.0,7.0,1981.0,1981.0,310.0,678.0,0.0,762.0,1440.0,1440.0,0.0,0.0,1440.0,0.0,0.0,2.0,0.0,3.0,1.0,7.0,1.0,1981.0,2.0,467.0,0.0,0.0,99.0,0.0,0.0,0.0,0.0,4.0,2007.0
134,20.0,71.0,9353.0,4.0,5.0,1970.0,1970.0,0.0,0.0,0.0,864.0,864.0,864.0,0.0,0.0,864.0,0.0,0.0,1.0,0.0,3.0,1.0,5.0,0.0,1972.0,1.0,280.0,0.0,0.0,0.0,0.0,0.0,0.0,0.0,7.0,2006.0
135,20.0,78.0,10140.0,7.0,5.0,1998.0,1999.0,0.0,144.0,1127.0,379.0,1650.0,1680.0,0.0,0.0,1680.0,1.0,0.0,2.0,0.0,3.0,1.0,7.0,1.0,1998.0,2.0,583.0,78.0,73.0,0.0,0.0,0.0,0.0,0.0,6.0,2009.0
136,50.0,60.0,9900.0,6.0,7.0,1940.0,1950.0,0.0,0.0,0.0,778.0,778.0,944.0,545.0,0.0,1489.0,0.0,0.0,2.0,0.0,3.0,1.0,7.0,1.0,1940.0,1.0,240.0,335.0,0.0,0.0,0.0,0.0,0.0,0.0,7.0,2009.0
137,20.0,65.0,8450.0,7.0,5.0,2000.0,2001.0,108.0,0.0,0.0,1349.0,1349.0,1349.0,0.0,0.0,1349.0,0.0,0.0,2.0,0.0,3.0,1.0,6.0,0.0,2000.0,2.0,539.0,120.0,55.0,0.0,0.0,0.0,0.0,0.0,12.0,2007.0
138,20.0,50.0,6000.0,4.0,7.0,1954.0,2000.0,0.0,0.0,0.0,901.0,901.0,901.0,0.0,0.0,901.0,0.0,0.0,1.0,0.0,2.0,1.0,4.0,0.0,1954.0,1.0,281.0,0.0,0.0,0.0,0.0,0.0,0.0,0.0,8.0,2008.0
139,60.0,65.0,7153.0,6.0,5.0,1992.0,1992.0,0.0,387.0,0.0,374.0,761.0,810.0,793.0,0.0,1603.0,0.0,0.0,2.0,1.0,3.0,1.0,7.0,0.0,1992.0,2.0,484.0,0.0,124.0,0.0,0.0,0.0,0.0,0.0,7.0,2006.0
140,20.0,80.0,14000.0,6.0,8.0,1950.0,2004.0,0.0,0.0,0.0,1092.0,1092.0,1152.0,0.0,0.0,1152.0,0.0,1.0,1.0,0.0,3.0,1.0,6.0,1.0,1950.0,1.0,300.0,0.0,36.0,0.0,0.0,0.0,0.0,0.0,8.0,2009.0
141,180.0,35.0,3675.0,5.0,5.0,2005.0,2005.0,80.0,547.0,0.0,0.0,547.0,1072.0,0.0,0.0,1072.0,1.0,0.0,1.0,0.0,2.0,1.0,5.0,0.0,2005.0,2.0,525.0,0.0,28.0,0.0,0.0,0.0,0.0,0.0,5.0,2006.0
142,20.0,69.61401673640168,21000.0,6.0,5.0,1953.0,1953.0,184.0,35.0,869.0,905.0,1809.0,2259.0,0.0,0.0,2259.0,1.0,0.0,2.0,0.0,3.0,1.0,7.0,2.0,1953.0,2.0,450.0,166.0,120.0,192.0,0.0,0.0,0.0,0.0,10.0,2007.0
143,20.0,61.0,8800.0,5.0,7.0,1977.0,2008.0,0.0,532.0,144.0,364.0,1040.0,1040.0,0.0,0.0,1040.0,0.0,0.0,2.0,0.0,3.0,1.0,5.0,0.0,1977.0,2.0,484.0,0.0,0.0,0.0,0.0,288.0,0.0,0.0,9.0,2009.0
144,90.0,60.0,12900.0,4.0,4.0,1969.0,1969.0,0.0,1198.0,0.0,0.0,1198.0,1258.0,0.0,0.0,1258.0,2.0,0.0,0.0,2.0,0.0,2.0,6.0,0.0,1969.0,2.0,400.0,120.0,0.0,0.0,0.0,0.0,0.0,0.0,1.0,2008.0
145,60.0,69.61401673640168,7685.0,6.0,5.0,1993.0,1994.0,112.0,518.0,0.0,179.0,697.0,697.0,804.0,0.0,1501.0,0.0,0.0,2.0,1.0,3.0,1.0,6.0,1.0,1993.0,2.0,420.0,190.0,63.0,0.0,0.0,0.0,0.0,0.0,5.0,2006.0
146,20.0,73.0,8925.0,8.0,5.0,2007.0,2007.0,0.0,16.0,0.0,1450.0,1466.0,1466.0,0.0,0.0,1466.0,0.0,0.0,2.0,0.0,3.0,1.0,7.0,0.0,2007.0,3.0,610.0,100.0,18.0,0.0,0.0,0.0,0.0,0.0,7.0,2009.0
147,20.0,72.0,10007.0,5.0,7.0,1959.0,2006.0,54.0,806.0,0.0,247.0,1053.0,1053.0,0.0,0.0,1053.0,1.0,0.0,1.0,1.0,3.0,1.0,5.0,0.0,1959.0,1.0,312.0,0.0,0.0,0.0,0.0,0.0,0.0,0.0,8.0,2008.0
148,120.0,61.0,7658.0,9.0,5.0,2005.0,2005.0,412.0,456.0,0.0,1296.0,1752.0,1752.0,0.0,0.0,1752.0,1.0,0.0,2.0,0.0,2.0,1.0,6.0,1.0,2005.0,2.0,576.0,196.0,82.0,0.0,0.0,0.0,0.0,0.0,2.0,2010.0
149,20.0,69.61401673640168,16196.0,7.0,5.0,1998.0,1998.0,0.0,1443.0,0.0,39.0,1482.0,1494.0,0.0,0.0,1494.0,1.0,0.0,2.0,0.0,3.0,1.0,5.0,1.0,1998.0,2.0,514.0,402.0,25.0,0.0,0.0,0.0,0.0,0.0,8.0,2007.0
150,20.0,100.0,10175.0,6.0,5.0,1964.0,1964.0,272.0,490.0,0.0,935.0,1425.0,1425.0,0.0,0.0,1425.0,0.0,0.0,2.0,0.0,3.0,1.0,7.0,1.0,1964.0,2.0,576.0,0.0,0.0,0.0,407.0,0.0,0.0,0.0,7.0,2008.0
151,120.0,65.0,8769.0,9.0,5.0,2008.0,2008.0,766.0,1540.0,0.0,162.0,1702.0,1702.0,0.0,0.0,1702.0,1.0,0.0,1.0,1.0,1.0,1.0,7.0,1.0,2008.0,3.0,1052.0,0.0,72.0,0.0,0.0,224.0,0.0,0.0,10.0,2008.0
152,20.0,122.0,11923.0,9.0,5.0,2007.0,2007.0,0.0,0.0,0.0,1800.0,1800.0,1800.0,0.0,0.0,1800.0,0.0,0.0,2.0,0.0,2.0,1.0,7.0,0.0,2007.0,2.0,702.0,288.0,136.0,0.0,0.0,0.0,0.0,0.0,5.0,2009.0
153,90.0,67.0,8777.0,5.0,7.0,1900.0,2003.0,0.0,1084.0,0.0,188.0,1272.0,1272.0,928.0,0.0,2200.0,2.0,0.0,2.0,2.0,4.0,2.0,9.0,0.0,1978.1405405405405,0.0,0.0,0.0,70.0,0.0,0.0,0.0,0.0,0.0,9.0,2008.0
154,70.0,69.61401673640168,5100.0,8.0,7.0,1925.0,1996.0,0.0,0.0,0.0,588.0,588.0,833.0,833.0,0.0,1666.0,0.0,0.0,1.0,0.0,3.0,1.0,7.0,1.0,1925.0,1.0,228.0,192.0,63.0,0.0,0.0,0.0,0.0,0.0,6.0,2008.0
155,60.0,80.0,16692.0,7.0,5.0,1978.0,1978.0,184.0,790.0,469.0,133.0,1392.0,1392.0,1392.0,0.0,2784.0,1.0,0.0,3.0,1.0,5.0,1.0,12.0,2.0,1978.0,2.0,564.0,0.0,112.0,0.0,0.0,440.0,519.0,2000.0,7.0,2006.0
156,30.0,50.0,5925.0,4.0,7.0,1937.0,2000.0,435.0,168.0,0.0,739.0,907.0,1131.0,0.0,0.0,1131.0,0.0,0.0,1.0,0.0,2.0,1.0,7.0,0.0,1995.0,2.0,672.0,0.0,72.0,0.0,0.0,0.0,0.0,0.0,3.0,2007.0
157,70.0,69.61401673640168,11435.0,8.0,7.0,1929.0,1950.0,0.0,0.0,0.0,792.0,792.0,792.0,725.0,0.0,1517.0,0.0,0.0,1.0,0.0,3.0,1.0,7.0,2.0,1931.0,2.0,400.0,0.0,0.0,0.0,0.0,0.0,0.0,0.0,6.0,2006.0
158,20.0,70.0,8402.0,5.0,5.0,2007.0,2007.0,0.0,206.0,0.0,914.0,1120.0,1120.0,0.0,0.0,1120.0,0.0,0.0,1.0,0.0,3.0,1.0,6.0,0.0,1978.1405405405405,0.0,0.0,0.0,30.0,0.0,0.0,0.0,0.0,0.0,12.0,2007.0
159,80.0,69.61401673640168,9125.0,7.0,5.0,1992.0,1992.0,170.0,0.0,0.0,384.0,384.0,812.0,670.0,0.0,1482.0,0.0,0.0,2.0,1.0,3.0,1.0,7.0,1.0,1992.0,2.0,392.0,100.0,25.0,0.0,0.0,0.0,0.0,0.0,7.0,2007.0
160,20.0,70.0,10500.0,4.0,6.0,1971.0,1971.0,0.0,524.0,180.0,160.0,864.0,864.0,0.0,0.0,864.0,0.0,0.0,1.0,0.0,2.0,1.0,4.0,0.0,1989.0,2.0,576.0,216.0,0.0,0.0,0.0,0.0,0.0,0.0,3.0,2009.0
161,20.0,69.61401673640168,12160.0,5.0,5.0,1959.0,1959.0,180.0,1000.0,0.0,188.0,1188.0,1188.0,0.0,0.0,1188.0,1.0,0.0,1.0,0.0,3.0,1.0,6.0,0.0,1959.0,2.0,531.0,0.0,0.0,0.0,0.0,0.0,0.0,0.0,5.0,2010.0
162,60.0,65.0,8125.0,7.0,5.0,2006.0,2006.0,0.0,0.0,0.0,770.0,770.0,778.0,798.0,0.0,1576.0,0.0,0.0,2.0,1.0,3.0,1.0,6.0,0.0,2006.0,2.0,614.0,0.0,50.0,0.0,0.0,0.0,0.0,0.0,8.0,2006.0
163,190.0,60.0,9873.0,4.0,5.0,1970.0,1970.0,160.0,789.0,0.0,171.0,960.0,960.0,0.0,0.0,960.0,1.0,0.0,1.0,0.0,3.0,1.0,6.0,0.0,1970.0,2.0,576.0,0.0,288.0,0.0,0.0,0.0,0.0,0.0,5.0,2006.0
164,20.0,75.0,11957.0,8.0,5.0,2006.0,2006.0,53.0,24.0,0.0,1550.0,1574.0,1574.0,0.0,0.0,1574.0,0.0,0.0,2.0,0.0,3.0,1.0,7.0,1.0,2006.0,3.0,824.0,144.0,104.0,0.0,0.0,0.0,0.0,0.0,7.0,2008.0
165,50.0,85.0,8500.0,5.0,7.0,1919.0,2005.0,0.0,0.0,0.0,793.0,793.0,997.0,520.0,0.0,1517.0,0.0,0.0,2.0,0.0,3.0,1.0,7.0,0.0,1978.1405405405405,0.0,0.0,0.0,0.0,144.0,0.0,0.0,0.0,0.0,8.0,2007.0
166,80.0,70.0,12886.0,5.0,6.0,1963.0,1999.0,0.0,444.0,0.0,76.0,520.0,1464.0,0.0,0.0,1464.0,0.0,1.0,2.0,0.0,3.0,1.0,6.0,1.0,1997.0,2.0,480.0,302.0,0.0,0.0,0.0,100.0,0.0,0.0,10.0,2009.0
167,60.0,79.0,10208.0,7.0,5.0,1996.0,1997.0,921.0,0.0,0.0,1264.0,1264.0,1277.0,1067.0,0.0,2344.0,0.0,0.0,2.0,1.0,3.0,1.0,7.0,1.0,1996.0,3.0,889.0,220.0,0.0,0.0,0.0,0.0,0.0,0.0,7.0,2009.0
168,120.0,59.0,8198.0,7.0,5.0,2004.0,2004.0,146.0,720.0,0.0,638.0,1358.0,1358.0,0.0,0.0,1358.0,1.0,0.0,2.0,0.0,2.0,1.0,6.0,1.0,2004.0,2.0,484.0,192.0,30.0,0.0,0.0,0.0,0.0,0.0,7.0,2008.0
169,60.0,69.61401673640168,8063.0,6.0,5.0,2000.0,2000.0,0.0,0.0,0.0,924.0,924.0,948.0,742.0,0.0,1690.0,0.0,0.0,2.0,1.0,3.0,1.0,7.0,1.0,2000.0,2.0,463.0,100.0,48.0,0.0,0.0,0.0,0.0,0.0,11.0,2007.0
170,80.0,120.0,19296.0,6.0,5.0,1962.0,1962.0,399.0,672.0,690.0,0.0,1362.0,1382.0,0.0,0.0,1382.0,1.0,0.0,1.0,0.0,3.0,1.0,6.0,1.0,1991.0,2.0,884.0,0.0,0.0,252.0,0.0,0.0,0.0,0.0,5.0,2009.0
171,60.0,70.0,8400.0,6.0,6.0,1980.0,1981.0,130.0,0.0,0.0,650.0,650.0,888.0,676.0,0.0,1564.0,0.0,0.0,2.0,1.0,3.0,1.0,7.0,1.0,1980.0,2.0,476.0,0.0,50.0,0.0,0.0,204.0,0.0,0.0,4.0,2010.0
172,120.0,34.0,5381.0,6.0,5.0,2005.0,2005.0,135.0,900.0,0.0,406.0,1306.0,1306.0,0.0,0.0,1306.0,1.0,0.0,2.0,0.0,1.0,1.0,5.0,1.0,2005.0,2.0,624.0,170.0,63.0,0.0,0.0,0.0,0.0,0.0,8.0,2009.0
173,20.0,54.0,13811.0,6.0,6.0,1987.0,1987.0,72.0,980.0,40.0,92.0,1112.0,1137.0,0.0,0.0,1137.0,1.0,0.0,2.0,0.0,2.0,1.0,5.0,1.0,1987.0,2.0,551.0,125.0,0.0,0.0,0.0,0.0,0.0,0.0,7.0,2006.0
174,20.0,100.0,21750.0,5.0,5.0,1954.0,1954.0,0.0,0.0,0.0,988.0,988.0,988.0,0.0,0.0,988.0,0.0,0.0,1.0,0.0,2.0,1.0,4.0,0.0,1954.0,2.0,520.0,0.0,0.0,0.0,0.0,0.0,0.0,0.0,2.0,2008.0
175,80.0,70.0,10500.0,5.0,7.0,1971.0,2005.0,82.0,349.0,0.0,23.0,372.0,576.0,533.0,0.0,1109.0,0.0,1.0,1.0,0.0,3.0,1.0,5.0,0.0,1971.0,1.0,288.0,35.0,0.0,0.0,0.0,0.0,0.0,0.0,12.0,2007.0
176,20.0,70.0,7000.0,5.0,7.0,1960.0,2002.0,45.0,588.0,0.0,422.0,1010.0,1134.0,0.0,0.0,1134.0,0.0,0.0,1.0,0.0,2.0,1.0,6.0,0.0,1960.0,1.0,254.0,0.0,16.0,0.0,0.0,0.0,0.0,0.0,4.0,2007.0
177,60.0,90.0,10800.0,6.0,7.0,1974.0,1997.0,0.0,956.0,182.0,384.0,1522.0,1548.0,1066.0,0.0,2614.0,0.0,0.0,2.0,1.0,4.0,1.0,9.0,1.0,1974.0,2.0,624.0,38.0,243.0,0.0,0.0,0.0,0.0,0.0,6.0,2008.0
178,50.0,50.0,7000.0,6.0,6.0,1924.0,1950.0,0.0,617.0,0.0,0.0,617.0,865.0,445.0,0.0,1310.0,0.0,0.0,2.0,0.0,2.0,1.0,6.0,0.0,1924.0,1.0,398.0,0.0,0.0,126.0,0.0,0.0,0.0,0.0,5.0,2006.0
179,20.0,71.0,9187.0,6.0,5.0,1983.0,1983.0,0.0,336.0,0.0,748.0,1084.0,1080.0,0.0,0.0,1080.0,0.0,0.0,1.0,1.0,3.0,1.0,5.0,0.0,1983.0,2.0,484.0,120.0,0.0,158.0,0.0,0.0,0.0,0.0,6.0,2007.0
180,50.0,79.0,12327.0,8.0,8.0,1983.0,2009.0,0.0,1441.0,0.0,55.0,1496.0,1496.0,636.0,0.0,2132.0,1.0,0.0,1.0,1.0,1.0,1.0,5.0,1.0,1983.0,2.0,612.0,349.0,40.0,0.0,0.0,0.0,0.0,0.0,9.0,2009.0
181,80.0,102.0,10192.0,7.0,6.0,1968.0,1992.0,143.0,0.0,0.0,570.0,570.0,1222.0,698.0,0.0,1920.0,0.0,0.0,3.0,0.0,4.0,1.0,8.0,1.0,1968.0,2.0,487.0,0.0,98.0,0.0,0.0,0.0,0.0,0.0,9.0,2006.0
182,50.0,40.0,4400.0,6.0,8.0,1920.0,1950.0,0.0,0.0,0.0,648.0,648.0,734.0,384.0,0.0,1118.0,0.0,0.0,1.0,0.0,2.0,1.0,6.0,0.0,1990.0,2.0,440.0,0.0,0.0,0.0,0.0,0.0,0.0,0.0,10.0,2006.0
183,20.0,98.0,11478.0,8.0,5.0,2007.0,2008.0,200.0,1218.0,0.0,486.0,1704.0,1704.0,0.0,0.0,1704.0,1.0,0.0,2.0,0.0,3.0,1.0,7.0,1.0,2008.0,3.0,772.0,0.0,50.0,0.0,0.0,0.0,0.0,0.0,5.0,2010.0
184,30.0,69.61401673640168,12342.0,4.0,5.0,1940.0,1950.0,0.0,262.0,0.0,599.0,861.0,861.0,0.0,0.0,861.0,0.0,0.0,1.0,0.0,1.0,1.0,4.0,0.0,1961.0,2.0,539.0,158.0,0.0,0.0,0.0,0.0,0.0,0.0,3.0,2009.0
185,60.0,90.0,11700.0,6.0,6.0,1968.0,1968.0,365.0,384.0,175.0,143.0,702.0,1041.0,702.0,0.0,1743.0,0.0,1.0,1.0,2.0,3.0,1.0,7.0,1.0,1968.0,2.0,539.0,224.0,0.0,0.0,0.0,0.0,0.0,0.0,6.0,2007.0
186,160.0,21.0,1869.0,6.0,6.0,1970.0,1970.0,127.0,321.0,0.0,162.0,483.0,483.0,504.0,0.0,987.0,0.0,0.0,1.0,1.0,2.0,1.0,5.0,0.0,1987.0,1.0,280.0,0.0,0.0,0.0,0.0,0.0,0.0,0.0,9.0,2008.0
187,20.0,64.0,7406.0,7.0,5.0,2006.0,2006.0,84.0,684.0,0.0,515.0,1199.0,1220.0,0.0,0.0,1220.0,1.0,0.0,2.0,0.0,2.0,1.0,6.0,0.0,2006.0,2.0,632.0,105.0,54.0,0.0,0.0,0.0,0.0,0.0,7.0,2006.0
188,120.0,53.0,3922.0,7.0,5.0,2006.0,2007.0,72.0,0.0,0.0,1258.0,1258.0,1402.0,0.0,0.0,1402.0,0.0,2.0,0.0,2.0,2.0,1.0,7.0,1.0,2006.0,3.0,648.0,120.0,16.0,0.0,0.0,0.0,0.0,0.0,2.0,2007.0
189,120.0,37.0,4435.0,6.0,5.0,2004.0,2004.0,169.0,662.0,0.0,186.0,848.0,848.0,0.0,0.0,848.0,1.0,0.0,1.0,0.0,1.0,1.0,3.0,1.0,2004.0,2.0,420.0,140.0,0.0,0.0,0.0,0.0,0.0,0.0,5.0,2006.0
190,20.0,60.0,8072.0,5.0,5.0,1994.0,1995.0,0.0,746.0,0.0,244.0,990.0,990.0,0.0,0.0,990.0,1.0,0.0,1.0,0.0,3.0,1.0,5.0,0.0,2000.0,2.0,480.0,0.0,64.0,0.0,0.0,0.0,0.0,0.0,5.0,2009.0
191,80.0,124.0,11512.0,6.0,7.0,1959.0,2006.0,84.0,719.0,0.0,300.0,1019.0,1357.0,0.0,0.0,1357.0,1.0,0.0,1.0,0.0,2.0,1.0,5.0,1.0,1959.0,1.0,312.0,0.0,0.0,0.0,0.0,163.0,0.0,0.0,5.0,2008.0
192,20.0,70.0,10171.0,7.0,5.0,2004.0,2004.0,168.0,2.0,0.0,1515.0,1517.0,1535.0,0.0,0.0,1535.0,0.0,0.0,2.0,0.0,3.0,1.0,7.0,0.0,2004.0,2.0,532.0,0.0,0.0,0.0,0.0,0.0,0.0,0.0,3.0,2010.0
193,85.0,57.0,8846.0,5.0,5.0,1996.0,1996.0,0.0,298.0,0.0,572.0,870.0,914.0,0.0,0.0,914.0,0.0,0.0,1.0,0.0,2.0,1.0,5.0,0.0,1998.0,2.0,576.0,0.0,0.0,0.0,0.0,0.0,0.0,0.0,7.0,2006.0
194,50.0,92.0,7438.0,5.0,8.0,1908.0,1991.0,0.0,0.0,0.0,504.0,504.0,936.0,316.0,0.0,1252.0,0.0,0.0,1.0,0.0,3.0,1.0,5.0,0.0,1986.0,2.0,576.0,104.0,0.0,0.0,0.0,0.0,0.0,0.0,6.0,2006.0
195,80.0,37.0,7937.0,6.0,6.0,1984.0,1984.0,0.0,819.0,0.0,184.0,1003.0,1003.0,0.0,0.0,1003.0,1.0,0.0,1.0,0.0,3.0,1.0,6.0,0.0,1984.0,2.0,588.0,120.0,0.0,0.0,0.0,0.0,0.0,0.0,3.0,2006.0
196,180.0,21.0,1477.0,4.0,4.0,1970.0,1970.0,0.0,509.0,0.0,121.0,630.0,630.0,0.0,0.0,630.0,1.0,0.0,1.0,0.0,1.0,1.0,3.0,0.0,1970.0,1.0,286.0,0.0,0.0,0.0,0.0,0.0,0.0,0.0,4.0,2009.0
197,80.0,65.0,10482.0,6.0,8.0,1958.0,1958.0,63.0,507.0,0.0,81.0,588.0,1138.0,0.0,0.0,1138.0,0.0,1.0,1.0,0.0,3.0,1.0,6.0,0.0,1958.0,1.0,264.0,224.0,0.0,0.0,0.0,0.0,0.0,0.0,6.0,2007.0
198,60.0,70.0,9247.0,6.0,6.0,1962.0,1962.0,318.0,319.0,0.0,539.0,858.0,858.0,858.0,0.0,1716.0,0.0,0.0,1.0,1.0,4.0,1.0,8.0,1.0,1962.0,2.0,490.0,0.0,84.0,0.0,0.0,120.0,0.0,0.0,3.0,2008.0
199,160.0,24.0,1920.0,5.0,5.0,1971.0,1971.0,376.0,471.0,0.0,294.0,765.0,765.0,600.0,0.0,1365.0,1.0,0.0,1.0,1.0,2.0,1.0,6.0,0.0,1971.0,2.0,440.0,240.0,36.0,0.0,0.0,0.0,0.0,0.0,8.0,2007.0
200,20.0,70.0,7560.0,5.0,6.0,1958.0,1965.0,0.0,504.0,0.0,525.0,1029.0,1339.0,0.0,0.0,1339.0,0.0,0.0,1.0,0.0,3.0,1.0,6.0,0.0,1958.0,1.0,294.0,0.0,0.0,0.0,0.0,0.0,0.0,0.0,5.0,2009.0
201,120.0,40.0,4671.0,8.0,5.0,1988.0,1989.0,0.0,767.0,0.0,461.0,1228.0,1228.0,0.0,0.0,1228.0,1.0,0.0,2.0,0.0,2.0,1.0,5.0,1.0,1988.0,2.0,472.0,168.0,120.0,0.0,0.0,0.0,0.0,0.0,10.0,2008.0
202,30.0,71.0,6900.0,5.0,6.0,1940.0,1955.0,0.0,403.0,125.0,212.0,740.0,778.0,0.0,0.0,778.0,0.0,0.0,1.0,0.0,2.0,1.0,4.0,1.0,1966.0,1.0,924.0,0.0,25.0,0.0,0.0,0.0,0.0,0.0,2.0,2008.0
203,20.0,60.0,8430.0,5.0,5.0,1978.0,1978.0,136.0,616.0,0.0,424.0,1040.0,1040.0,0.0,0.0,1040.0,0.0,0.0,2.0,0.0,3.0,1.0,5.0,0.0,1978.1405405405405,0.0,0.0,0.0,0.0,0.0,0.0,0.0,0.0,0.0,8.0,2009.0
204,190.0,69.61401673640168,7082.0,5.0,8.0,1916.0,1995.0,0.0,0.0,0.0,686.0,686.0,948.0,980.0,0.0,1928.0,0.0,0.0,2.0,0.0,5.0,2.0,10.0,0.0,1978.1405405405405,0.0,0.0,0.0,0.0,228.0,0.0,0.0,0.0,0.0,7.0,2006.0
205,90.0,91.0,11643.0,5.0,5.0,1969.0,1969.0,368.0,500.0,0.0,748.0,1248.0,1338.0,1296.0,0.0,2634.0,1.0,1.0,2.0,2.0,6.0,2.0,12.0,0.0,1969.0,4.0,968.0,0.0,0.0,0.0,0.0,0.0,0.0,0.0,8.0,2009.0
206,20.0,80.0,8800.0,6.0,6.0,1964.0,1964.0,425.0,553.0,0.0,698.0,1251.0,1251.0,0.0,0.0,1251.0,1.0,0.0,1.0,0.0,3.0,1.0,6.0,2.0,1964.0,1.0,461.0,0.0,116.0,0.0,0.0,0.0,0.0,700.0,3.0,2006.0
207,60.0,69.61401673640168,11050.0,9.0,5.0,2000.0,2000.0,204.0,904.0,0.0,536.0,1440.0,1476.0,677.0,0.0,2153.0,1.0,0.0,2.0,1.0,3.0,1.0,8.0,2.0,2000.0,3.0,736.0,253.0,142.0,0.0,0.0,0.0,0.0,0.0,5.0,2009.0
208,20.0,69.61401673640168,14781.0,8.0,5.0,2001.0,2002.0,178.0,0.0,0.0,1753.0,1753.0,1787.0,0.0,0.0,1787.0,0.0,0.0,2.0,0.0,3.0,1.0,7.0,1.0,2001.0,3.0,748.0,198.0,150.0,0.0,0.0,0.0,0.0,0.0,8.0,2006.0
209,30.0,45.0,8248.0,3.0,3.0,1914.0,1950.0,0.0,41.0,0.0,823.0,864.0,864.0,0.0,0.0,864.0,1.0,0.0,1.0,0.0,2.0,1.0,5.0,0.0,1978.1405405405405,0.0,0.0,0.0,0.0,100.0,0.0,0.0,0.0,0.0,9.0,2008.0
210,20.0,66.0,13695.0,5.0,5.0,2004.0,2004.0,0.0,646.0,0.0,468.0,1114.0,1114.0,0.0,0.0,1114.0,1.0,0.0,1.0,1.0,3.0,1.0,6.0,0.0,2004.0,2.0,576.0,0.0,102.0,0.0,0.0,0.0,0.0,0.0,6.0,2008.0
211,120.0,41.0,5330.0,8.0,5.0,2000.0,2000.0,0.0,1196.0,0.0,298.0,1494.0,1652.0,0.0,0.0,1652.0,1.0,0.0,2.0,0.0,2.0,1.0,6.0,0.0,2000.0,2.0,499.0,96.0,48.0,0.0,0.0,0.0,0.0,0.0,8.0,2007.0
212,90.0,60.0,8544.0,3.0,4.0,1950.0,1950.0,0.0,0.0,0.0,0.0,0.0,1040.0,0.0,0.0,1040.0,0.0,0.0,2.0,0.0,2.0,2.0,6.0,0.0,1987.0,2.0,400.0,0.0,0.0,0.0,0.0,0.0,0.0,0.0,6.0,2009.0
213,45.0,50.0,6130.0,5.0,6.0,1924.0,1950.0,0.0,784.0,0.0,0.0,784.0,784.0,0.0,0.0,784.0,1.0,0.0,1.0,0.0,2.0,1.0,5.0,0.0,1978.1405405405405,0.0,0.0,0.0,0.0,116.0,0.0,0.0,0.0,0.0,5.0,2008.0
214,20.0,68.0,50271.0,9.0,5.0,1981.0,1987.0,0.0,1810.0,0.0,32.0,1842.0,1842.0,0.0,0.0,1842.0,2.0,0.0,0.0,1.0,0.0,1.0,5.0,1.0,1981.0,3.0,894.0,857.0,72.0,0.0,0.0,0.0,0.0,0.0,11.0,2006.0
215,60.0,69.61401673640168,18450.0,6.0,5.0,1965.0,1979.0,113.0,187.0,723.0,111.0,1021.0,1465.0,915.0,0.0,2380.0,0.0,0.0,2.0,1.0,3.0,1.0,7.0,1.0,1965.0,2.0,596.0,0.0,265.0,0.0,0.0,0.0,0.0,0.0,8.0,2007.0
216,20.0,85.0,11900.0,7.0,5.0,1977.0,1977.0,209.0,822.0,0.0,564.0,1386.0,1411.0,0.0,0.0,1411.0,0.0,0.0,2.0,0.0,3.0,1.0,6.0,1.0,1977.0,2.0,544.0,192.0,0.0,0.0,0.0,0.0,0.0,0.0,4.0,2009.0
217,60.0,86.0,10380.0,7.0,5.0,1986.0,1987.0,172.0,28.0,1474.0,0.0,1502.0,1553.0,1177.0,0.0,2730.0,1.0,0.0,2.0,1.0,4.0,1.0,8.0,1.0,1987.0,2.0,576.0,201.0,96.0,0.0,0.0,0.0,0.0,0.0,8.0,2007.0
218,20.0,84.0,11096.0,8.0,5.0,2006.0,2006.0,0.0,24.0,0.0,1632.0,1656.0,1656.0,0.0,0.0,1656.0,0.0,0.0,2.0,0.0,3.0,1.0,7.0,0.0,2006.0,3.0,826.0,0.0,146.0,0.0,0.0,0.0,0.0,0.0,7.0,2007.0
219,180.0,21.0,1890.0,4.0,7.0,1972.0,1972.0,0.0,495.0,0.0,135.0,630.0,630.0,0.0,0.0,630.0,1.0,0.0,1.0,0.0,1.0,1.0,3.0,0.0,1978.1405405405405,0.0,0.0,88.0,0.0,0.0,0.0,0.0,0.0,0.0,6.0,2008.0
220,80.0,69.61401673640168,14115.0,7.0,5.0,1980.0,1980.0,225.0,1036.0,0.0,336.0,1372.0,1472.0,0.0,0.0,1472.0,1.0,0.0,2.0,0.0,3.0,1.0,6.0,2.0,1980.0,2.0,588.0,233.0,48.0,0.0,0.0,0.0,0.0,0.0,6.0,2009.0
221,20.0,120.0,13560.0,6.0,3.0,1968.0,1968.0,216.0,0.0,0.0,1392.0,1392.0,1392.0,0.0,0.0,1392.0,1.0,0.0,1.0,0.0,2.0,1.0,5.0,2.0,1968.0,2.0,576.0,0.0,0.0,240.0,0.0,0.0,0.0,0.0,7.0,2009.0
222,50.0,59.0,5310.0,6.0,8.0,1910.0,2003.0,0.0,0.0,0.0,485.0,485.0,1001.0,634.0,0.0,1635.0,0.0,0.0,1.0,0.0,2.0,1.0,5.0,0.0,1950.0,1.0,255.0,394.0,0.0,0.0,0.0,0.0,0.0,0.0,6.0,2006.0
223,20.0,120.0,9560.0,5.0,7.0,1972.0,1972.0,0.0,360.0,0.0,504.0,864.0,864.0,0.0,0.0,864.0,0.0,0.0,1.0,0.0,3.0,1.0,5.0,0.0,1972.0,1.0,288.0,0.0,0.0,0.0,0.0,0.0,0.0,0.0,6.0,2006.0
224,120.0,43.0,3013.0,7.0,5.0,2005.0,2005.0,145.0,16.0,0.0,1346.0,1362.0,1506.0,0.0,0.0,1506.0,0.0,0.0,2.0,0.0,2.0,1.0,6.0,1.0,2005.0,2.0,440.0,142.0,20.0,0.0,0.0,0.0,0.0,0.0,4.0,2006.0
225,60.0,85.0,10625.0,7.0,5.0,2003.0,2004.0,292.0,866.0,0.0,132.0,998.0,1006.0,1040.0,0.0,2046.0,1.0,0.0,2.0,1.0,3.0,1.0,8.0,1.0,2003.0,3.0,871.0,320.0,62.0,0.0,0.0,0.0,0.0,0.0,8.0,2008.0
226,60.0,106.0,11194.0,8.0,5.0,2000.0,2000.0,40.0,0.0,0.0,1406.0,1406.0,1454.0,482.0,0.0,1936.0,0.0,0.0,2.0,1.0,3.0,1.0,7.0,1.0,2000.0,2.0,504.0,188.0,124.0,0.0,0.0,0.0,0.0,0.0,11.0,2006.0
227,20.0,137.0,16492.0,6.0,6.0,1966.0,2002.0,0.0,247.0,713.0,557.0,1517.0,1888.0,0.0,0.0,1888.0,0.0,0.0,2.0,1.0,2.0,1.0,6.0,1.0,1966.0,2.0,578.0,0.0,0.0,0.0,0.0,0.0,0.0,0.0,6.0,2010.0
228,20.0,65.0,6993.0,5.0,7.0,1961.0,1994.0,0.0,465.0,0.0,447.0,912.0,1236.0,0.0,0.0,1236.0,0.0,0.0,1.0,0.0,3.0,1.0,6.0,1.0,1961.0,1.0,288.0,0.0,0.0,0.0,0.0,0.0,0.0,0.0,6.0,2006.0
229,20.0,80.0,10400.0,7.0,5.0,1976.0,1976.0,189.0,0.0,0.0,1090.0,1090.0,1370.0,0.0,0.0,1370.0,0.0,0.0,2.0,0.0,3.0,1.0,6.0,1.0,1976.0,2.0,479.0,0.0,0.0,0.0,0.0,0.0,0.0,0.0,6.0,2009.0
230,90.0,69.61401673640168,8544.0,3.0,4.0,1949.0,1950.0,340.0,0.0,0.0,0.0,0.0,1040.0,0.0,0.0,1040.0,0.0,0.0,2.0,0.0,2.0,2.0,6.0,0.0,1949.0,2.0,400.0,0.0,0.0,0.0,0.0,0.0,0.0,0.0,5.0,2006.0
231,70.0,60.0,7200.0,7.0,9.0,1936.0,2007.0,0.0,350.0,210.0,0.0,560.0,575.0,560.0,0.0,1135.0,1.0,0.0,1.0,0.0,3.0,1.0,6.0,0.0,1971.0,2.0,576.0,256.0,0.0,0.0,0.0,0.0,0.0,0.0,4.0,2009.0
232,20.0,70.0,10500.0,4.0,5.0,1971.0,1971.0,0.0,432.0,0.0,432.0,864.0,864.0,0.0,0.0,864.0,0.0,0.0,1.0,0.0,3.0,1.0,5.0,1.0,1978.1405405405405,0.0,0.0,0.0,0.0,0.0,0.0,0.0,0.0,0.0,4.0,2010.0
233,20.0,75.0,9525.0,5.0,6.0,1995.0,2006.0,0.0,0.0,0.0,1099.0,1099.0,1099.0,0.0,0.0,1099.0,0.0,0.0,1.0,1.0,3.0,1.0,6.0,0.0,1999.0,1.0,352.0,278.0,0.0,0.0,0.0,0.0,0.0,0.0,6.0,2008.0
234,60.0,69.61401673640168,29959.0,7.0,6.0,1994.0,1994.0,0.0,595.0,0.0,378.0,973.0,979.0,871.0,0.0,1850.0,0.0,0.0,2.0,1.0,3.0,1.0,7.0,1.0,1994.0,2.0,467.0,168.0,98.0,0.0,0.0,0.0,0.0,0.0,1.0,2009.0
235,50.0,50.0,6000.0,6.0,6.0,1939.0,1950.0,0.0,0.0,0.0,780.0,780.0,825.0,587.0,0.0,1412.0,0.0,0.0,1.0,0.0,4.0,1.0,6.0,1.0,1939.0,1.0,280.0,45.0,0.0,0.0,0.0,0.0,0.0,0.0,5.0,2009.0
236,90.0,60.0,9000.0,5.0,5.0,1974.0,1974.0,0.0,0.0,0.0,896.0,896.0,896.0,896.0,0.0,1792.0,0.0,0.0,2.0,2.0,4.0,2.0,8.0,0.0,1978.1405405405405,0.0,0.0,32.0,45.0,0.0,0.0,0.0,0.0,0.0,9.0,2009.0
237,20.0,90.0,5400.0,5.0,7.0,1954.0,2000.0,0.0,415.0,0.0,418.0,833.0,833.0,0.0,0.0,833.0,0.0,0.0,1.0,0.0,2.0,1.0,4.0,0.0,1955.0,1.0,326.0,0.0,0.0,0.0,0.0,0.0,0.0,0.0,8.0,2006.0
238,90.0,65.0,6040.0,4.0,5.0,1955.0,1955.0,0.0,0.0,0.0,0.0,0.0,1152.0,0.0,0.0,1152.0,0.0,0.0,2.0,0.0,2.0,2.0,6.0,0.0,1978.1405405405405,0.0,0.0,0.0,0.0,0.0,0.0,0.0,0.0,0.0,6.0,2008.0
239,20.0,69.61401673640168,17600.0,6.0,5.0,1960.0,1960.0,30.0,1270.0,0.0,208.0,1478.0,1478.0,0.0,0.0,1478.0,1.0,0.0,2.0,0.0,3.0,1.0,6.0,2.0,1960.0,2.0,498.0,0.0,40.0,0.0,0.0,0.0,0.0,0.0,12.0,2009.0
240,50.0,50.0,3500.0,5.0,7.0,1947.0,1950.0,0.0,312.0,0.0,408.0,720.0,720.0,564.0,0.0,1284.0,0.0,0.0,1.0,1.0,2.0,1.0,5.0,0.0,1948.0,1.0,240.0,0.0,35.0,0.0,0.0,0.0,0.0,0.0,4.0,2009.0
241,60.0,69.61401673640168,24682.0,6.0,5.0,1999.0,1999.0,0.0,0.0,0.0,841.0,841.0,892.0,783.0,0.0,1675.0,0.0,0.0,2.0,1.0,3.0,1.0,7.0,1.0,1999.0,2.0,502.0,0.0,103.0,0.0,0.0,0.0,0.0,0.0,6.0,2009.0
242,60.0,65.0,14006.0,7.0,5.0,2002.0,2002.0,144.0,0.0,0.0,936.0,936.0,936.0,840.0,0.0,1776.0,0.0,0.0,2.0,1.0,3.0,1.0,7.0,1.0,2002.0,2.0,474.0,144.0,96.0,0.0,0.0,0.0,0.0,0.0,2.0,2006.0
243,60.0,68.0,11250.0,7.0,5.0,2001.0,2002.0,162.0,486.0,0.0,434.0,920.0,920.0,866.0,0.0,1786.0,1.0,0.0,2.0,1.0,3.0,1.0,6.0,1.0,2001.0,2.0,608.0,0.0,42.0,0.0,0.0,0.0,0.0,0.0,9.0,2008.0
244,20.0,80.0,9600.0,6.0,8.0,1976.0,1976.0,0.0,978.0,0.0,284.0,1262.0,1262.0,0.0,0.0,1262.0,0.0,1.0,2.0,0.0,3.0,1.0,6.0,1.0,1976.0,2.0,460.0,298.0,0.0,0.0,0.0,0.0,0.0,0.0,5.0,2007.0
245,120.0,69.61401673640168,3696.0,8.0,5.0,1986.0,1986.0,0.0,0.0,0.0,1074.0,1074.0,1088.0,0.0,0.0,1088.0,0.0,0.0,1.0,1.0,2.0,1.0,5.0,0.0,1987.0,2.0,461.0,0.0,74.0,137.0,0.0,0.0,0.0,0.0,10.0,2007.0
246,120.0,69.61401673640168,5814.0,8.0,5.0,1984.0,1984.0,0.0,1036.0,0.0,184.0,1220.0,1360.0,0.0,0.0,1360.0,1.0,0.0,1.0,0.0,1.0,1.0,4.0,1.0,1984.0,2.0,565.0,63.0,0.0,0.0,0.0,0.0,0.0,0.0,8.0,2009.0
247,60.0,64.0,8320.0,7.0,5.0,2004.0,2004.0,0.0,490.0,0.0,280.0,770.0,770.0,812.0,0.0,1582.0,0.0,0.0,2.0,1.0,3.0,1.0,6.0,0.0,2004.0,2.0,520.0,0.0,45.0,0.0,0.0,0.0,0.0,0.0,9.0,2008.0
248,50.0,130.0,9600.0,5.0,7.0,1940.0,1950.0,0.0,428.0,0.0,300.0,728.0,976.0,332.0,0.0,1308.0,1.0,0.0,1.0,1.0,2.0,1.0,7.0,2.0,1940.0,1.0,256.0,0.0,70.0,0.0,0.0,0.0,0.0,0.0,6.0,2009.0
249,20.0,68.0,9017.0,7.0,5.0,1999.0,1999.0,0.0,560.0,0.0,871.0,1431.0,1431.0,0.0,0.0,1431.0,1.0,0.0,2.0,0.0,3.0,1.0,6.0,0.0,1999.0,2.0,666.0,0.0,35.0,0.0,0.0,0.0,0.0,0.0,9.0,2009.0
250,20.0,69.61401673640168,14585.0,6.0,6.0,1960.0,1987.0,85.0,594.0,219.0,331.0,1144.0,1429.0,0.0,0.0,1429.0,0.0,1.0,1.0,0.0,3.0,1.0,7.0,2.0,1960.0,2.0,572.0,216.0,110.0,0.0,0.0,0.0,0.0,0.0,6.0,2007.0
251,60.0,84.0,10728.0,8.0,5.0,2006.0,2006.0,0.0,0.0,0.0,1095.0,1095.0,1095.0,844.0,0.0,1939.0,0.0,0.0,2.0,1.0,3.0,1.0,8.0,1.0,2006.0,3.0,1053.0,192.0,51.0,0.0,0.0,0.0,0.0,0.0,8.0,2006.0
252,30.0,56.0,4060.0,5.0,8.0,1922.0,1950.0,0.0,0.0,0.0,864.0,864.0,864.0,0.0,0.0,864.0,0.0,0.0,1.0,0.0,2.0,1.0,4.0,0.0,1978.1405405405405,0.0,0.0,0.0,96.0,0.0,0.0,0.0,0.0,0.0,7.0,2009.0
253,60.0,66.0,13682.0,10.0,5.0,2006.0,2006.0,1031.0,0.0,0.0,1410.0,1410.0,1426.0,1519.0,0.0,2945.0,0.0,0.0,3.0,1.0,3.0,1.0,10.0,1.0,2006.0,3.0,641.0,192.0,0.0,37.0,0.0,0.0,0.0,0.0,10.0,2006.0
254,20.0,72.0,8640.0,8.0,5.0,2009.0,2009.0,72.0,936.0,0.0,364.0,1300.0,1314.0,0.0,0.0,1314.0,1.0,0.0,2.0,0.0,3.0,1.0,6.0,0.0,2009.0,2.0,552.0,135.0,112.0,0.0,0.0,0.0,0.0,0.0,9.0,2009.0
255,20.0,70.0,9100.0,7.0,5.0,2004.0,2005.0,0.0,24.0,0.0,1836.0,1860.0,1836.0,0.0,0.0,1836.0,0.0,0.0,2.0,0.0,3.0,1.0,8.0,1.0,2004.0,2.0,484.0,120.0,33.0,0.0,0.0,0.0,0.0,0.0,10.0,2006.0
256,30.0,40.0,3880.0,5.0,9.0,1945.0,1997.0,0.0,329.0,0.0,357.0,686.0,866.0,0.0,0.0,866.0,0.0,0.0,1.0,0.0,2.0,1.0,4.0,0.0,1978.1405405405405,0.0,0.0,58.0,42.0,0.0,0.0,0.0,0.0,0.0,8.0,2007.0
257,120.0,51.0,3635.0,7.0,5.0,2007.0,2007.0,130.0,988.0,0.0,398.0,1386.0,1569.0,0.0,0.0,1569.0,0.0,1.0,2.0,0.0,1.0,1.0,7.0,1.0,2007.0,3.0,660.0,143.0,20.0,0.0,0.0,0.0,0.0,0.0,5.0,2009.0
258,60.0,47.0,53504.0,8.0,5.0,2003.0,2003.0,603.0,1416.0,0.0,234.0,1650.0,1690.0,1589.0,0.0,3279.0,1.0,0.0,3.0,1.0,4.0,1.0,12.0,1.0,2003.0,3.0,841.0,503.0,36.0,0.0,0.0,210.0,0.0,0.0,6.0,2010.0
259,60.0,313.0,63887.0,10.0,5.0,2008.0,2008.0,796.0,5644.0,0.0,466.0,6110.0,4692.0,950.0,0.0,5642.0,2.0,0.0,2.0,1.0,3.0,1.0,12.0,3.0,2008.0,2.0,1418.0,214.0,292.0,0.0,0.0,0.0,480.0,0.0,1.0,2008.0
260,160.0,24.0,2645.0,8.0,5.0,1999.0,2000.0,456.0,649.0,0.0,321.0,970.0,983.0,756.0,0.0,1739.0,1.0,0.0,2.0,1.0,3.0,1.0,7.0,0.0,1999.0,2.0,480.0,115.0,0.0,0.0,0.0,0.0,0.0,0.0,8.0,2009.0
261,70.0,60.0,9084.0,4.0,5.0,1940.0,1950.0,0.0,0.0,0.0,755.0,755.0,755.0,755.0,0.0,1510.0,1.0,0.0,1.0,0.0,4.0,1.0,7.0,1.0,1940.0,1.0,296.0,120.0,0.0,0.0,0.0,0.0,0.0,0.0,10.0,2009.0
262,50.0,81.0,12150.0,5.0,5.0,1954.0,1954.0,335.0,0.0,0.0,1050.0,1050.0,1050.0,745.0,0.0,1795.0,0.0,0.0,2.0,0.0,4.0,1.0,7.0,0.0,1954.0,1.0,352.0,0.0,0.0,0.0,0.0,0.0,0.0,0.0,11.0,2008.0
263,190.0,60.0,10800.0,4.0,7.0,1900.0,2000.0,0.0,0.0,0.0,0.0,0.0,694.0,600.0,0.0,1294.0,0.0,0.0,2.0,0.0,3.0,2.0,7.0,0.0,1978.1405405405405,0.0,0.0,220.0,114.0,210.0,0.0,0.0,0.0,0.0,8.0,2008.0
264,20.0,114.0,14803.0,10.0,5.0,2007.0,2008.0,816.0,1636.0,0.0,442.0,2078.0,2084.0,0.0,0.0,2084.0,1.0,0.0,2.0,0.0,2.0,1.0,7.0,1.0,2007.0,3.0,1220.0,188.0,45.0,0.0,0.0,0.0,0.0,0.0,6.0,2008.0
265,20.0,85.0,9187.0,9.0,5.0,2009.0,2009.0,162.0,1121.0,0.0,645.0,1766.0,1766.0,0.0,0.0,1766.0,1.0,0.0,2.0,1.0,2.0,1.0,7.0,1.0,2009.0,3.0,478.0,195.0,130.0,0.0,0.0,0.0,0.0,0.0,10.0,2009.0
266,80.0,75.0,13860.0,8.0,7.0,1972.0,1995.0,0.0,1410.0,0.0,542.0,1952.0,2000.0,704.0,0.0,2704.0,1.0,0.0,2.0,1.0,4.0,1.0,9.0,3.0,1972.0,2.0,538.0,269.0,111.0,0.0,0.0,0.0,0.0,0.0,7.0,2009.0
267,30.0,60.0,6324.0,4.0,6.0,1927.0,1950.0,0.0,0.0,0.0,520.0,520.0,520.0,0.0,0.0,520.0,0.0,0.0,1.0,0.0,1.0,1.0,4.0,0.0,1920.0,1.0,240.0,49.0,0.0,87.0,0.0,0.0,0.0,0.0,5.0,2008.0
268,50.0,86.0,11500.0,7.0,7.0,1936.0,1987.0,0.0,223.0,0.0,794.0,1017.0,1020.0,1037.0,0.0,2057.0,0.0,0.0,1.0,1.0,3.0,1.0,6.0,1.0,1936.0,1.0,180.0,0.0,0.0,0.0,0.0,322.0,0.0,0.0,6.0,2006.0
269,20.0,64.0,10475.0,8.0,5.0,2008.0,2008.0,72.0,0.0,0.0,1694.0,1694.0,1694.0,0.0,0.0,1694.0,0.0,0.0,2.0,0.0,3.0,1.0,7.0,0.0,2008.0,3.0,776.0,160.0,33.0,0.0,0.0,0.0,0.0,0.0,2.0,2010.0
270,50.0,60.0,9600.0,5.0,8.0,1925.0,1994.0,0.0,0.0,0.0,702.0,702.0,842.0,630.0,0.0,1472.0,0.0,0.0,1.0,0.0,3.0,1.0,6.0,0.0,1925.0,1.0,250.0,0.0,0.0,84.0,0.0,0.0,0.0,0.0,7.0,2007.0
271,70.0,53.0,10918.0,7.0,9.0,1926.0,2004.0,0.0,0.0,0.0,1276.0,1276.0,1276.0,804.0,0.0,2080.0,0.0,0.0,1.0,1.0,3.0,1.0,9.0,2.0,1926.0,1.0,282.0,0.0,0.0,0.0,0.0,145.0,0.0,0.0,6.0,2009.0
272,50.0,69.61401673640168,9144.0,5.0,5.0,1940.0,1982.0,0.0,399.0,0.0,484.0,883.0,988.0,517.0,0.0,1505.0,1.0,0.0,1.0,0.0,3.0,1.0,8.0,0.0,1940.0,1.0,240.0,0.0,0.0,0.0,0.0,0.0,0.0,0.0,7.0,2008.0
273,20.0,48.0,17043.0,6.0,5.0,1979.0,1998.0,0.0,0.0,0.0,1362.0,1362.0,1586.0,0.0,0.0,1586.0,0.0,0.0,2.0,0.0,3.0,1.0,7.0,1.0,1979.0,2.0,435.0,192.0,0.0,0.0,0.0,0.0,0.0,0.0,1.0,2009.0
274,75.0,92.0,5520.0,6.0,6.0,1912.0,1950.0,0.0,0.0,0.0,755.0,755.0,929.0,929.0,371.0,2229.0,0.0,0.0,1.0,0.0,5.0,1.0,8.0,0.0,1978.1405405405405,0.0,0.0,0.0,198.0,30.0,0.0,0.0,0.0,0.0,7.0,2009.0
275,60.0,76.0,10142.0,7.0,5.0,2004.0,2004.0,0.0,656.0,0.0,300.0,956.0,956.0,1128.0,0.0,2084.0,1.0,0.0,2.0,1.0,4.0,1.0,8.0,0.0,2004.0,2.0,618.0,0.0,45.0,0.0,0.0,0.0,0.0,0.0,1.0,2010.0
276,50.0,152.0,12134.0,8.0,7.0,1988.0,2005.0,0.0,427.0,0.0,132.0,559.0,1080.0,672.0,0.0,1752.0,0.0,0.0,2.0,0.0,4.0,1.0,8.0,0.0,1988.0,2.0,492.0,325.0,12.0,0.0,0.0,0.0,0.0,0.0,6.0,2010.0
277,70.0,75.0,13125.0,7.0,6.0,1940.0,1984.0,0.0,410.0,0.0,390.0,800.0,960.0,780.0,0.0,1740.0,0.0,0.0,1.0,1.0,3.0,1.0,6.0,2.0,1940.0,1.0,240.0,0.0,0.0,0.0,0.0,0.0,0.0,0.0,7.0,2007.0
278,60.0,41.0,12393.0,7.0,5.0,2004.0,2005.0,0.0,0.0,0.0,847.0,847.0,847.0,1101.0,0.0,1948.0,0.0,0.0,2.0,1.0,4.0,1.0,8.0,1.0,2004.0,2.0,434.0,100.0,48.0,0.0,0.0,0.0,0.0,0.0,9.0,2006.0
279,50.0,60.0,11040.0,4.0,6.0,1920.0,1950.0,0.0,637.0,0.0,0.0,637.0,897.0,439.0,0.0,1336.0,0.0,0.0,1.0,1.0,3.0,1.0,7.0,0.0,1994.0,1.0,570.0,0.0,47.0,120.0,0.0,0.0,0.0,0.0,9.0,2006.0
280,20.0,70.0,9800.0,5.0,7.0,1972.0,1972.0,0.0,894.0,0.0,0.0,894.0,894.0,0.0,0.0,894.0,1.0,0.0,1.0,0.0,3.0,1.0,5.0,0.0,1975.0,2.0,552.0,256.0,0.0,0.0,0.0,0.0,0.0,0.0,7.0,2006.0
281,20.0,129.0,16737.0,9.0,5.0,2004.0,2005.0,66.0,1447.0,0.0,533.0,1980.0,1980.0,0.0,0.0,1980.0,1.0,0.0,2.0,0.0,3.0,1.0,8.0,1.0,2004.0,3.0,770.0,194.0,45.0,0.0,0.0,0.0,0.0,0.0,9.0,2006.0
282,70.0,69.61401673640168,7500.0,6.0,7.0,1942.0,1950.0,0.0,547.0,0.0,224.0,771.0,753.0,741.0,0.0,1494.0,0.0,0.0,1.0,0.0,3.0,1.0,7.0,2.0,1942.0,1.0,213.0,0.0,0.0,0.0,0.0,224.0,0.0,0.0,11.0,2009.0
283,50.0,60.0,10930.0,5.0,6.0,1945.0,1950.0,0.0,580.0,0.0,333.0,913.0,1048.0,510.0,0.0,1558.0,1.0,0.0,1.0,1.0,3.0,1.0,6.0,1.0,1962.0,1.0,288.0,0.0,0.0,0.0,0.0,0.0,0.0,0.0,4.0,2008.0
284,20.0,64.0,6762.0,7.0,5.0,2006.0,2006.0,0.0,0.0,0.0,1286.0,1286.0,1294.0,0.0,0.0,1294.0,0.0,0.0,2.0,0.0,2.0,1.0,6.0,1.0,2006.0,2.0,662.0,168.0,55.0,0.0,0.0,0.0,0.0,0.0,7.0,2006.0
285,20.0,89.0,10680.0,5.0,3.0,1951.0,1951.0,44.0,756.0,0.0,1380.0,2136.0,2136.0,0.0,0.0,2136.0,0.0,0.0,2.0,0.0,4.0,1.0,7.0,0.0,1951.0,2.0,528.0,0.0,30.0,0.0,0.0,0.0,0.0,0.0,10.0,2006.0
286,160.0,21.0,1680.0,6.0,7.0,1972.0,1972.0,281.0,317.0,0.0,355.0,672.0,672.0,546.0,0.0,1218.0,0.0,1.0,1.0,1.0,3.0,1.0,7.0,0.0,1972.0,1.0,264.0,0.0,28.0,0.0,0.0,0.0,0.0,0.0,5.0,2006.0
287,120.0,32.0,10846.0,8.0,5.0,1993.0,1993.0,0.0,1619.0,0.0,100.0,1719.0,1719.0,0.0,0.0,1719.0,2.0,0.0,1.0,1.0,1.0,1.0,6.0,2.0,1993.0,2.0,473.0,122.0,30.0,0.0,0.0,0.0,0.0,0.0,5.0,2008.0
288,20.0,105.0,15431.0,10.0,5.0,2008.0,2008.0,200.0,1767.0,539.0,788.0,3094.0,2402.0,0.0,0.0,2402.0,1.0,0.0,2.0,0.0,2.0,1.0,10.0,2.0,2008.0,3.0,672.0,0.0,72.0,0.0,0.0,170.0,0.0,0.0,4.0,2009.0
289,50.0,60.0,8520.0,6.0,7.0,1916.0,1950.0,0.0,168.0,546.0,0.0,714.0,1664.0,862.0,0.0,2526.0,0.0,0.0,2.0,0.0,5.0,1.0,10.0,1.0,1916.0,1.0,216.0,88.0,15.0,0.0,0.0,0.0,0.0,0.0,8.0,2007.0
290,30.0,50.0,5330.0,4.0,7.0,1940.0,1950.0,0.0,280.0,0.0,140.0,420.0,708.0,0.0,0.0,708.0,0.0,0.0,1.0,0.0,2.0,1.0,5.0,0.0,1978.1405405405405,0.0,0.0,164.0,0.0,0.0,0.0,0.0,0.0,0.0,12.0,2009.0
291,75.0,60.0,7200.0,5.0,7.0,1920.0,1996.0,0.0,0.0,0.0,530.0,530.0,581.0,530.0,0.0,1111.0,0.0,0.0,1.0,0.0,3.0,1.0,6.0,0.0,1935.0,1.0,288.0,0.0,0.0,144.0,0.0,0.0,0.0,0.0,3.0,2007.0
